set P := P0 P1 P2 P3 P4 P5 P6 P7 P8 P9 P10 P11 P12 P13 P14 P15 P16 P17 P18 P19 P20 P21 P22 P23 P24 ;
set C := C0 C1 C2 C3 C4 C5 C6 C7 C8 C9 C10 C11 C12 C13 C14 C15 C16 C17 C18 C19 C20 C21 C22 C23 C24 ;

param: f c :=
    P0 1578.3744430504498 48.6835542176107
    P1 981.4738246714717 16.43221098326687
    P2 2321.2570162632946 97.41617411629653
    P3 2603.488424679071 130.94565452320683
    P4 2968.202100918595 181.21840323007828
    P5 1601.9504715375529 52.734513221899036
    P6 2125.706327437454 97.98772677615645
    P7 1708.4651051618366 62.05893295767312
    P8 3238.5245243407026 230.7056077618783
    P9 2619.7423237197822 133.3112241264335
    P10 2993.832738224375 196.21157126912945
    P11 1585.093621608683 53.896630214171864
    P12 2582.213770897958 137.25706135287177
    P13 3200.5447795240093 198.68010594560775
    P14 2946.2735959094325 180.83538953280672
    P15 1716.5684095282538 57.84533663225321
    P16 1210.9040891706493 29.156007047120248
    P17 1721.0661809720852 60.04074611872679
    P18 1597.8687745638658 47.22283682003173
    P19 3040.497589973349 204.26258511959225
    P20 962.3458217292256 16.59396410774581
    P21 2063.7622343307007 83.59562576126507
    P22 1251.7571903949283 35.83591940456264
    P23 2022.259849703065 99.86017429170536
    P24 938.6771306609099 16.825841510545313
;

param d :
 demand_0 demand_1 demand_2 demand_3 demand_4 demand_5 demand_6 demand_7 demand_8 demand_9 :=
    C0 10.37126889123341 14.603488337125672 10.277216235931009 17.147031761204047 5.769778106725591 22.45930878132984 25.913777544556297 14.926796680109183 23.40943462134137 7.077277274804694
    C1 31.855881633751594 22.30412822875833 27.394183801702738 12.821852135570406 24.37462489820244 13.074013470139686 24.299361289080053 29.272936563095342 10.333253331936412 5.167091188723577
    C2 17.049599911476484 19.81721483041165 30.5744479688695 25.53407773685369 20.56804968331367 6.130716298373824 8.273140851440758 29.281752282945614 8.866905265571559 15.197893115996388
    C3 16.714885490596615 27.492934399436397 13.049673196197837 32.479913829538376 33.68776933542171 30.15688457285397 33.51160372117744 17.844553012270428 33.74015359901991 6.013679099482349
    C4 10.879662455455232 28.715840349340212 10.476681202850681 10.598053753310495 33.48731231319657 11.305575980513709 28.773627971217863 6.7510747810183585 32.31460253566304 11.122738115508373
    C5 28.073219129169637 20.964220013824217 20.707546262407305 27.84494623643635 21.760547084594446 14.227414374397824 6.055765698030674 14.733655124314371 34.029031861494005 23.99015413798753
    C6 24.701802027246586 25.44688199260535 18.82057449078446 26.672625241290287 5.4689723126330625 14.757379582595076 15.615785236058699 28.18776657810072 29.372536545957676 21.666381524090866
    C7 5.786536768206436 5.019638776464831 16.82201017352355 32.964833337806795 14.613242467341102 18.61030193586408 18.69898923850038 20.193183067928103 17.843218293499817 10.464471060483515
    C8 23.467486154736523 24.30648375739988 9.21062477373032 10.336957331140454 19.633051404283172 14.80303492268905 23.47156290617856 28.768867869888986 14.968843316747785 8.011081431189806
    C9 13.247001330654683 25.47016180124882 29.794052648967483 33.35073165819436 25.403091971718837 14.832984328783418 33.439254536686875 18.493390129264046 9.08375820500579 14.097872887036866
    C10 28.407437818793618 28.772157036695248 23.341622567362457 16.672295965480654 29.74585971125372 8.216666702165274 8.66041102172707 18.266044694082012 30.530394168106664 30.533663672166096
    C11 33.90570915058797 16.060427513391975 10.57066663465676 34.05883980738602 11.726201252848428 26.867974141279532 22.752044019934758 13.959505229277763 31.47469983385552 20.743756804669328
    C12 6.904432710873049 25.865048826335492 12.398743845660018 10.1557156600769 10.824786195148377 15.983303625742984 19.18663141760653 10.027695776124087 6.28624800352971 16.492026758005984
    C13 23.834569528034073 31.49061382485131 33.5491956322859 33.381942120743744 23.843832527811887 31.582966569319574 6.804269836486522 19.781355866663525 29.04864474538891 22.593005140117317
    C14 34.20072148622705 24.907103380870087 25.505767658211983 11.64956380464158 8.599333363268537 29.526164476458067 26.975053437407052 15.136715734796603 16.17510794978552 34.8530126474956
    C15 19.84694770211695 31.033625608762485 27.18081569136378 25.83793034157241 25.262801399946316 19.275668947661295 8.94903192470181 15.118559967686368 11.887201648875621 19.718882175700152
    C16 20.96591923217576 27.66701444859945 30.402293488961263 15.299751355441119 20.369305943920146 30.376262355735015 19.34041462988999 27.22405632432646 24.420201527716454 19.987533978319597
    C17 16.53423202231007 16.70463294854891 28.68605279729933 23.238127182800152 22.308937402332493 20.73574336559576 13.150460800749046 25.079442772182915 11.96268694238696 30.510261213115005
    C18 9.497512397994942 26.8306580080552 29.90925107889761 25.59312426374522 32.78955865630443 12.144465103478073 8.893276729064418 21.240483812728314 33.75383970955489 34.713891432431296
    C19 23.709237480445097 14.956307936969193 11.665914550339904 8.06662169625319 8.395906816545217 17.787502433507186 30.341065640953726 15.186086088319374 8.933836961384971 11.662565489800048
    C20 32.459548287793524 18.69906348791573 33.2181567388552 30.81350602017997 19.436520322934022 30.546779852506567 20.803492715464117 22.64963658644958 31.32115203719231 18.47013076369511
    C21 20.17416488317238 6.149473867707133 21.385462647782568 33.187383153546136 19.527472592476357 6.373765099657344 30.693601839315725 33.93606208943794 31.49252198439839 24.119654846674422
    C22 26.556192303935724 25.190337328201267 32.045536694773546 8.1863187014908 6.406695067692057 33.794006322496564 15.449487656845214 28.898073479561585 29.81228659653668 18.231914800262622
    C23 9.617459663088248 10.037589806228222 22.17783412364192 26.318458629672072 20.646277777781602 12.972632710500939 9.88368568350045 14.519818452210972 28.97936306729436 33.48372518107329
    C24 30.022642864917408 31.99300264010655 8.093078361493212 16.076942838535654 26.140583455625578 30.398152355034608 9.10549303930416 26.38028454219766 31.054552864442076 24.294367822992676
;

param t : P0 P1 P2 P3 P4 P5 P6 P7 P8 P9 P10 P11 P12 P13 P14 P15 P16 P17 P18 P19 P20 P21 P22 P23 P24 :=
    C0 5.872740911661979 4.260086951870134 7.951683795555157 4.115506780019585 2.899495763560556 6.993996082430327 1.0758725052099491 3.7469552314408254 4.578014642230163 7.172066774811858 3.6982772959715895 6.049429286973449 4.744487790650321 2.4809455397554347 2.490535741799592 1.1409229801904914 4.3965417166277305 3.9170250058394833 1.5364220205866008 1.0383753485869966 4.7405363653896675 1.8968222276578635 0.8580676255655206 4.231426250224767 3.7760235156552904
    C1 2.181798572915362 6.775077948771324 3.677435948076702 1.0017268667270667 3.052309154010373 1.948198180380899 5.3893983284942415 3.9074550224116953 0.5499494473493393 2.257536930269868 7.963790305412645 5.76921815059272 6.824342748908685 4.457944892634917 7.439212296389417 4.5761667154870445 1.1485504799617674 8.048443467593 5.690356963647634 4.067314014649805 0.6428816134342177 3.4806205243559605 5.9524413678550285 5.538958740119804 2.059156949472867
    C2 6.763219859432997 3.9415354699154435 9.105229930286473 5.194716689604187 3.706738831440614 8.046642393728632 1.7316934401054933 4.265190262889772 5.678075663548276 8.191099607544984 2.7566239712046947 6.294419273514555 4.501830332094509 3.450876102778424 1.8873592130372367 2.1876708226811696 5.406203308028638 3.0131179530728565 1.2673302058128322 2.148606131088622 5.861301479856476 2.818287230699786 0.35689762965967164 5.042269880830448 4.696479207354755
    C3 6.099563692734963 8.09646954229127 4.707517883759815 3.706967559447068 4.839104532518299 5.732714647455056 3.6756017826674148 6.16007844808923 3.6525739242147854 6.175113292981994 7.985632373455958 8.625197463022946 8.433934529090767 1.9018567509480024 5.480091707563797 3.1555685747328406 4.429612101478484 8.199904277065038 5.7168488999602385 3.7356980830485926 3.4230065877670945 4.229170063459588 4.971404481836745 1.6052825519459621 4.701602793069968
    C4 8.422254421355692 8.275166910951121 7.776737723234948 6.039557196549704 6.183210072891755 8.565576751639888 2.958089815829768 7.379951715422185 6.200312039642157 8.94940828875648 7.196586058318043 9.854783954876964 8.770417990176506 2.3689353663763955 3.576438967943738 3.1947327055388164 6.676353204848489 7.4744760506574135 5.505700344328103 4.249507399096612 6.09330248422046 5.214148387893669 4.204616963893838 1.5704283390489429 6.562380809329802
    C5 5.779443223715307 1.0864485289396817 9.736446974780957 5.2931978486296485 3.1504339926725673 7.655975211256166 4.2332139132481 2.6762595147488497 5.836424060174003 7.61083745248075 2.1148919726272686 3.7735367193200267 1.6238267545279408 5.527543712260342 4.684037510733746 4.211220678194615 5.107187172518186 2.064345321593396 1.6931065693003287 3.3900336606256203 6.15895839539072 3.0640387127733204 3.087811641724575 7.358305627508464 4.18517601724873
    C6 1.4888419694966946 6.6885972957776225 6.201597520826276 3.9056052161659482 4.348948392206927 2.7592102158663327 7.916768672790726 4.039014274017515 3.8963866816213493 2.28653804003924 8.77745033728447 4.120730143276322 6.42452092338344 7.549627592216831 9.719780751808749 7.189241389468005 3.235853890616988 8.738958662086368 7.0653084324929285 6.308529977548655 4.157553603461336 5.334887908834708 7.934516970284945 8.928176734004587 3.500863531229444
    C7 6.252216789440283 1.8478463071638942 9.80060956928584 5.43683811530876 3.38729171442131 7.991904467644501 3.624111364613838 3.2274987430356723 5.978228693364138 7.999488959012506 1.5848481375459456 4.60884518567885 2.43062343476262 5.083951010617187 3.85630007195948 3.739763841222041 5.363486892425048 1.6512813926769774 1.0982083644327425 3.079597434523097 6.2677027906354175 3.0259147012483556 2.3670471169864533 6.8621735592860125 4.470639983934846
    C8 5.692764241494464 10.869526450196629 0.5476120613864242 4.941066380861619 7.098234261708885 3.65969093679807 8.35606869649596 8.021907118556053 4.401817609426667 4.130964607170301 11.823282041548456 9.720529386995159 10.937195879339484 6.795483239154342 10.396010707756176 7.5999361387794835 5.263125041581852 11.94737794479385 9.458364517175289 7.538380859399602 4.069289042670436 7.288748464760685 9.336974179755472 6.73991859858708 6.166585771457509
    C9 5.805113841239834 7.154971782660974 5.376334756695728 3.3831322965386756 4.094966755224421 5.8158668410619185 2.680601882669198 5.408810095289835 3.479777234291733 6.202886711626412 6.9686458712434804 7.909859714007156 7.518789279618709 0.9254579475263335 4.566294424126927 2.1372842996554033 4.067899687540741 7.18472094578153 4.713349248619586 2.7644502988189545 3.3494769775637505 3.3649239786071017 3.956382318842551 1.6609131631424259 4.149069998645133
    C10 4.197975062821722 6.835838181384054 4.173294794507105 1.7981232231829212 3.224735737900387 4.088360490804199 3.6712365197638848 4.506672418766473 1.7809171455603696 4.471202393593928 7.2757730364560205 6.883786609471681 7.076311304977526 2.338581492804352 5.7424691033966715 2.892259930207567 2.5216775693198317 7.436979802923359 4.894894346718424 2.88393854194877 1.6196333866625758 2.918035948254991 4.624631698080212 3.2955182328518795 2.868946162757355
    C11 8.88044022414801 6.980578866856551 9.566913397285859 6.761044423562449 6.075777108903148 9.589488378375943 2.394962855048048 6.989989294506493 7.093053416263531 9.874384984599804 5.323288076377425 9.239807231206353 7.549503133651081 3.357331246437286 1.3982355430295383 3.1409565134883617 7.236773529560576 5.62025058021423 4.298476150386044 4.0198922716051735 7.11689437349148 5.037718566669447 2.8913528711866734 3.787050938567021 6.8097561685844195
    C12 5.51918417252256 3.8382767594683944 7.920506596431812 3.906646628191809 2.496654436926382 6.754712291490233 1.5503394145060105 3.2745547695530823 4.396806934797263 6.902597258787057 3.5221259927916955 5.56065083932087 4.302689018767803 2.7863866156807755 2.888563835730115 1.4491086871700174 4.1177203244249325 3.714430428348739 1.2111516089124015 0.9176834027891384 4.593786973948365 1.5442862652811296 1.1023220526693132 4.593704001018736 3.4338933633130124
    C13 7.878571506831914 4.371196510445664 10.171430398840624 6.334738238256293 4.814918833195813 9.189371776035916 2.5052969693269356 5.256378351128128 6.813723189219335 9.332154358821768 2.4861831251834103 7.084911888171673 4.968730869457963 4.278135928334613 1.4439500723241372 3.148799675782667 6.547524586627265 2.7830273726184087 2.1291438157189506 3.275404052915258 6.988369984994511 3.9557411555253403 1.3934591875369127 5.65129942679894 5.825464817134076
    C14 3.0569665409438778 2.9533103937078238 7.75892697868321 3.4356800194195265 1.7001319629047063 5.11881129751691 5.107308416584544 0.40981468818022926 3.907155529082913 4.978346804904011 4.932365182987548 2.1159911174284978 2.843456590808631 5.566807254913392 6.470345011924295 4.6175950905919265 2.940785754518221 4.890243741471037 3.456615025680059 3.5593067784472736 4.28895836393591 2.5766115082839303 4.61976105316683 7.365461862744162 2.1102164841453557
    C15 3.7497039644871597 8.687132134841116 1.7364054541170946 2.765846378417549 4.920391627975907 2.1438834648919918 6.54007804497488 5.846561076063882 2.223805353709723 2.6713641236689876 9.707165898383664 7.646498145625518 8.756785449552186 5.182113957407202 8.618642400107209 5.743486031627509 3.088504112861201 9.818273726854526 7.364034833106951 5.52190654641982 1.906875202776652 5.166409444954 7.3770058929932825 5.6463186849724 3.9854036917077273
    C16 4.429991331769981 7.7437697416384355 3.261686842047144 2.249660789992148 4.049779970277018 3.8124159561608018 4.5470357695640535 5.278880863283044 1.9867112907742626 4.267350605044055 8.245393614820017 7.5539067850167285 7.955816167953168 3.0378244671522676 6.592169274426503 3.797250736013955 2.942963860396633 8.405370495537422 5.8641897072218505 3.8527160184680747 1.6646090691755346 3.854689193639233 5.568498379722864 3.5149951414696554 3.510930235864747
    C17 5.607783499824789 1.3128657550413951 10.45361259056246 6.070478111774066 4.044752318148833 7.7560052301013265 6.324503195078574 2.8834550983798395 6.568929615028317 7.5597951338076586 3.8464820495148806 2.1272824746281693 0.7189227484936949 7.374948014042721 6.930561741763928 6.147505909663651 5.630399207368775 3.649549552588968 3.8792834960571465 5.176443226772657 6.943536647387456 4.496407990163234 5.294406319448726 9.237069194231232 4.7602067317525325
    C18 7.611454831181769 1.8972723283818558 11.475341620977744 7.070495584522264 4.957343211323586 9.49689405760543 5.108410583202867 4.501192238639611 7.614342387924373 9.453112236705202 0.9014170703491874 5.119211682993442 2.4085524203709054 6.694823546858512 4.772252206644238 5.3511266504477915 6.92915684686103 0.6189291378284769 2.743617838368107 4.771255617817978 7.919935438362401 4.712563296326203 3.747696826549427 8.4122720644528 6.012436853572483
    C19 5.2884423755913 1.0983857600196476 9.391890391284003 4.932592453085759 2.7755525257882074 7.203884029651544 4.345262945584382 2.1781235328939728 5.472431746825114 7.1409981165478245 2.6392953563423918 3.3065238648529824 1.484916523726677 5.5018672125953785 5.005245354008166 4.2238347832381065 4.697316803087091 2.5829326356063187 1.8979856055662645 3.3175683666162796 5.808340145402669 2.8396349388032793 3.313043654973988 7.354467035796429 3.771092080511554
    C20 0.7755375848218196 5.542442526371348 6.152820616538613 2.952959228789627 3.0564183292823124 2.9198141351186733 6.672602396180379 2.7717763378239106 3.0950523902467757 2.6144317026697723 7.5231505051945735 3.3708772952412724 5.341299805934893 6.438214169641113 8.434931534157396 5.969128704642061 2.231722478775542 7.498604387398026 5.762914087583335 5.051267825594405 3.427335725490935 4.058724289238309 6.638935627994973 7.934870280498122 2.2798931618423945
    C21 7.899596871813227 9.196982284468133 6.08492195504623 5.4876198757172014 6.3434323287850125 7.5306574471944865 4.12334422790027 7.652056458449699 5.467081396875884 7.983836929659582 8.60696023683933 10.157846679066287 9.610606408651693 2.630278835312532 5.386584676398792 3.9413127235424037 6.202392143873251 8.859097204159278 6.568795680824718 4.824635362643964 5.2450969478114935 5.564294738705677 5.502135412783873 0.8093868788959053 6.378726514249225
    C22 2.884338682918457 8.656223852960451 2.8349205490684866 3.2496733396218898 5.135342374764073 0.6985954567905146 7.6086680709268695 5.703003410500208 2.786043134257598 1.1283692062919222 10.104221301904147 6.974822531708882 8.601890685977116 6.51263107399436 9.673123266846982 6.793485117355785 3.160880147301409 10.165005402034975 7.891963494790405 6.320982094775422 2.69014407686265 5.700424057934658 8.20594394811174 7.260873680247028 4.057407613353947
    C23 8.414398829633871 4.27431436718387 10.962205051332036 7.021743470598894 5.3584974064126625 9.841630061221455 3.3482647019500904 5.628584802806714 7.517471815066852 9.954724641263276 2.0144014501757113 7.220237834796997 4.877665756185379 5.12190618580381 2.076945479012367 3.9717252422296943 7.179887480388697 2.3101503022060847 2.5346272670637697 4.006512937939468 7.713233743388217 4.583171156508636 2.16774656974399 6.481727639633842 6.4082272783317995
    C24 7.555716219696914 8.649232034034249 6.139942131252463 5.132393366868534 5.8614789943547425 7.325200369716022 3.5689867582373376 7.161610919362831 5.157585865944765 7.75911550564662 8.053624936469546 9.67123655417103 9.06824830336662 2.088561485681701 4.888182953903467 3.3886790389764982 5.8358383132864455 8.304688568230217 6.013112952423363 4.286905886674315 4.965203516697572 5.052829222901414 4.94835580132078 0.2560374319765293 5.953540854932269
;

