set P := P0 P1 P2 P3 P4 P5 P6 P7 P8 P9 P10 P11 P12 P13 P14 P15 P16 P17 P18 P19 P20 P21 P22 P23 P24 ;
set C := C0 C1 C2 C3 C4 C5 C6 C7 C8 C9 C10 C11 C12 C13 C14 C15 C16 C17 C18 C19 C20 C21 C22 C23 C24 ;

param: f c :=
    P0 4070.001608456 1407.0240687851951
    P1 2996.5201340052868 791.1444958038953
    P2 3941.5537149438537 1410.1021535422724
    P3 3734.562861574026 1279.1974492177897
    P4 1668.287141189255 258.7491066668016
    P5 1792.1359533835362 282.9675926584722
    P6 3755.874977594483 1156.2214457100065
    P7 2268.6680532945074 399.2819650247934
    P8 3847.203980739839 1219.0961218613602
    P9 1550.9245558058572 221.7333993193671
    P10 1673.5061571543856 237.55582330660212
    P11 3964.487573971153 1527.0878816945767
    P12 1158.6978455111764 105.76170272718402
    P13 3788.229937614773 1287.389094594132
    P14 2289.46888239965 449.6136204550308
    P15 1405.2838877563574 174.9979471822736
    P16 1560.8510801372963 219.11793485545678
    P17 2512.4006859773717 580.6074271960377
    P18 3104.331331420702 894.0002217066128
    P19 2967.046730751674 814.0661643916844
    P20 2207.2347722624736 395.94963090387307
    P21 4117.321975870416 1581.89436825328
    P22 3448.7819553496233 1008.1867378906231
    P23 2170.448548370318 379.0973201678371
    P24 2544.6469460934845 532.0952415268652
;

param d :
 demand_0 demand_1 demand_2 demand_3 demand_4 demand_5 demand_6 demand_7 demand_8 demand_9 :=
    C0 33.92529613917028 13.474053521218147 21.244955774772983 17.24624269637837 17.056294510156466 30.22035540625969 27.67020539329462 25.067115991666572 27.49992869684771 19.66491258479084
    C1 6.701393822885855 23.48147274257998 11.809568327849215 24.3200014472527 28.4557673634969 15.88820188266747 9.067962217382743 33.84725331534954 27.792951909458647 13.00017589702594
    C2 25.542884856119304 18.490136245692014 17.06692847423797 11.40541048187678 10.93429248422755 32.277368154115976 16.42847429353291 14.620957514423756 18.742625711726514 32.400720518054264
    C3 17.29772504822477 27.442082219794923 30.204060441218296 9.239944697223404 17.338691946079734 22.50345563244413 16.381092625159035 26.34224544304204 7.407325580623489 32.56328344460009
    C4 21.02821298333894 25.486435180283113 15.588241191528942 8.259505452847934 19.057392905436114 29.847635279584754 10.113738723204603 33.46285323498635 21.538223407724605 7.5438590658028035
    C5 23.55758675645645 23.378255050638835 33.256432802779756 24.567123231065228 31.040902973368542 19.252619968046417 5.598623585591175 7.492180843959416 8.919495688089732 24.986677820982415
    C6 10.097457257824992 15.354387606709693 17.634219650243622 14.009608232530068 8.916652522076724 26.108096504632677 25.643644926199254 23.08437674870437 34.34745988098051 14.55841769162099
    C7 32.98401690758532 34.639324390150065 17.53176878256683 29.986636852264294 32.937574048344416 13.692231469580637 29.538551128443526 28.979530072528846 23.72508965671313 20.2637384599043
    C8 16.11116439963058 18.64952843169773 27.003478732476786 28.237329841429943 14.486438097884811 8.044984669015388 32.92826543173265 5.478666042207671 27.039237970185116 8.40575814761388
    C9 9.304594301026974 32.58279567180054 18.31678665109891 23.707882705059163 32.99060652331843 21.85662668045142 22.546736129800287 31.73143094561757 5.576364763686908 29.322652472971193
    C10 8.113777939449982 9.594137546618995 16.65328565169509 6.526571258770616 23.36974692283305 32.02451174271732 10.455009962767381 17.53215983324538 16.42013345650786 29.186799622043228
    C11 12.009858937390508 21.093640300507314 15.906807855770287 11.515344158787236 27.059528670032087 9.560506827367112 31.819641296533494 10.07180475411176 32.136044607338526 8.21148825652026
    C12 16.43640168087653 15.804054414594136 14.78032954008283 21.550792207552043 31.277497120641534 17.45557608867596 34.10890120828905 30.53758477852846 16.40050799885328 7.232438812503341
    C13 21.881349695865257 9.33222203408111 16.96649181837916 9.701580403667268 25.28568225288345 20.969155410728938 33.39812234157958 10.76069440992686 6.079494736035526 16.20164872667771
    C14 29.411181968642904 24.11279642529306 26.699231310919693 16.52871503020569 28.608867689674877 23.548666777390217 22.003490182123066 13.407375212468889 25.15711753151201 9.620183834115148
    C15 28.060862995748543 10.230594790661264 11.17745241061012 20.52502574737008 7.572501753598316 9.748412645235074 31.568115876565123 20.612948217454523 25.905682751940628 29.043711700352723
    C16 8.589262781367378 34.02110019068087 11.508779312504052 10.409457000315028 5.260060486235868 21.569636232111414 34.634458963202796 32.47775167750813 15.069047369091336 28.366300334197373
    C17 11.735542214403207 34.97421441760903 10.728952266660315 18.289410253726405 30.867478073268476 19.087030298977183 31.59472116156701 19.6882715043204 29.094380925428318 30.910711975860195
    C18 23.84859778773678 31.458124703239644 10.838058132232351 25.819088266742217 6.582581176946004 34.49909060028969 7.066699753083766 32.17449959372325 30.608799828660427 5.2893573171884825
    C19 21.909162747617632 16.042342872918894 31.20818407743576 16.57912013695975 30.578027760225602 25.698911364673382 9.048302015073098 6.560332100705454 28.523610627170104 5.403416693919192
    C20 7.217720378889147 5.628113768637904 24.779779341248968 25.009806120173806 14.398816436133377 32.10954835624764 14.003136234888395 12.16411785047834 17.215851107376928 29.209587352231473
    C21 24.46587886452639 29.16351436820425 23.56628753917252 13.199599456108931 32.05411270783015 34.28374181241403 16.808472555152477 14.199083580772589 15.263860627786842 31.104787865782846
    C22 32.32434372822081 9.319513226126482 32.01062987671254 27.37915098979253 11.090212108995983 24.916072699144888 9.484579960474031 18.467932044600083 33.287187668585574 23.523820058341943
    C23 33.116328098958405 18.79796208673077 21.44616548622519 21.900920145788795 9.518088092943263 9.399388710227194 34.78690406718005 17.988490165215246 26.57351320868461 9.687313716729339
    C24 24.343704593044833 26.32057477827482 27.91929739536605 9.675670483985126 11.390355670652202 18.34711665594628 28.72902615973675 6.213672147580207 21.571479482852688 23.783791355560197
;

param t : P0 P1 P2 P3 P4 P5 P6 P7 P8 P9 P10 P11 P12 P13 P14 P15 P16 P17 P18 P19 P20 P21 P22 P23 P24 :=
    C0 3.6908690714237062 11.477079325244052 9.463281696148819 6.16320160691069 12.7171027404387 4.672158290073122 10.817237965127068 10.59065168804626 2.647193557263328 5.3224529540297025 9.806125704238742 12.817803756726928 2.4239250465125837 7.795570559072606 10.085841575368462 11.109231565213129 3.4538728254460684 9.656685693088601 5.532627854875076 6.352441297246669 7.642414723412589 5.093004959618458 0.835775202158574 8.572026395294701 3.9273781496226623
    C1 7.784255621519435 1.2133898518392128 6.579689302310159 4.455016618806269 2.143029938562081 7.404551944190965 0.22725669576579427 0.7574073048870407 8.046328867531125 5.306573805377095 2.376186706714074 2.326570778006908 8.168907015761116 4.966207297631015 3.550601155728264 1.7000233964116713 8.241532877503975 1.740983612300766 6.775629818447124 7.517488835082974 6.218637458810753 5.611240247433377 9.757115945808172 2.8513207102205387 7.4122749738727025
    C2 9.140248199103812 7.299976128804825 0.6283962046895415 5.595542061162232 7.042773794766965 9.471124597186916 6.2136277612905175 6.838169381418261 7.430672629801521 5.874395547101684 7.900467142981141 7.918823697007348 7.98044462929251 9.108673602683075 2.6493433086257214 4.911339654140386 6.407135557210566 7.165939529937548 9.405637659759167 10.671662889882649 10.213958852689224 5.723927347880874 9.158944177338507 7.420498207352483 8.846858673166114
    C3 8.30366826944389 8.676926552845828 1.6095719343577184 5.430425716886983 8.764163125563945 8.848014506692067 7.58468461251679 8.051572557017003 6.120937958021995 5.376922681393759 8.749802537316384 9.520702883286031 6.74586791437452 9.283950594354884 4.357175950987054 6.575062393509526 4.809016168012612 8.073197414264925 8.991742775664473 10.322138241939008 10.221175071722827 5.085282606572622 7.659851965076766 7.989698928369866 8.07387204070807
    C4 7.5578052615652025 2.528230964811523 5.24434285562536 3.8594602131647218 2.9112631718463544 7.348962126654442 1.4321559705422064 2.0185459304415727 7.376702913739867 4.680314060882317 3.3231054828110134 3.4433505430441613 7.596016778915842 5.443301030877725 2.2603767537753527 1.1666716928708905 7.351079650754605 2.584340566843916 6.849682177795219 7.782583403491097 6.703000778834851 4.909790929899604 9.165146480805237 3.339184937114958 7.186620653703413
    C5 5.263981251310504 6.852854423430921 11.653798199366712 6.221263407131955 8.57851606991922 4.254300775502699 7.1546059972512355 6.363993552012678 7.681996874900859 6.429770520327757 4.657592283283885 7.919548380339009 7.235810348259335 2.4189417710718693 9.621551777124196 8.61414237407904 9.015126475550915 5.260934383431854 3.4674345510241302 2.5907574637007453 1.4883719094602803 6.8147733250352776 8.297353254633208 4.3599365297612085 5.120991474086405
    C6 6.469773104465707 1.997336595144359 6.972793377999573 3.5257946197924945 3.4802387824707286 6.019342745524491 1.654927852293304 1.1244496663857282 7.042771530977269 4.351612690208802 1.2574291448698116 3.3517698764548296 7.078298641302537 3.5242856975753565 4.272243585054319 2.9751535336285966 7.469363141401059 0.5164946170591245 5.354799519836612 6.066022397561891 4.782570047621343 4.715460518552126 8.659161880005957 1.3997676632273497 6.101843122673744
    C7 4.427832258404987 8.611056767683428 5.2737258289133635 3.357088729022737 9.47509217398251 5.184969709244146 7.7143306009133905 7.757938552994574 1.962110484444638 2.6706075771596653 7.594261480878302 9.83865810132942 2.6068431282360183 6.79660464464895 6.119400542486543 7.553671630628394 0.8294757528600036 7.163343031809891 5.598946314851259 6.908564229949566 7.344326330586916 2.245056570612748 3.5361685041192774 6.4489258637431 4.287097663522786
    C8 7.552514499257896 4.52986141056821 3.251927218009984 3.6611680964599405 4.6260207932103405 7.612080110088071 3.432656316406227 3.9910555825274168 6.652126219873643 4.27984046704386 5.041307846561151 5.340781630529603 7.027333267515785 6.53911134612517 0.8486384320986023 2.450325467206676 6.2227289287559175 4.301705468623175 7.328984714893913 8.472562328647902 7.7300940832604335 4.337827455761969 8.494043691882933 4.667135939231917 7.205099340285538
    C9 1.1151286456005214 7.992254307380023 7.886700526382933 3.016720567974329 9.35015801963548 1.8398039622724034 7.434384412106118 7.114070295935635 1.8395267842399579 2.334854269123772 6.224695821809231 9.345844275522166 1.4149672564943825 4.308535361092823 7.459240784803739 7.980993507869223 3.2939865794088807 6.115828733228686 2.4051813273167286 3.6298517905513723 4.423527693198181 2.361491756133828 2.8009902584682616 4.994837160327652 0.9269027301277876
    C10 6.998420415560051 7.641627106574544 2.136423910901031 4.023592417897736 7.949173403028112 7.492437109886744 6.571541028595039 6.946859937191511 5.001311347101483 3.9809017176429577 7.490519400612624 8.604792225816842 5.589772629840032 7.885921637100003 3.754340243163166 5.782988774448454 3.8891845595030103 6.843120671238961 7.602914192003672 8.92933652532474 8.813150618446203 3.706169539903059 6.672910971067778 6.662316921791998 6.749389896927066
    C11 6.534378319212192 2.0262368857609596 6.643693564878694 3.4144527735774535 3.381780528777453 6.132197161706873 1.4942903837433938 1.1397188940365819 6.972193747571583 4.254860698506438 1.5988670238482525 3.359062890286411 7.039337513341312 3.7751652541916076 3.930006320135978 2.6906024519863934 7.329423337579031 0.8548985019075211 5.501411917749205 6.269256657971952 5.038033035696784 4.601498483964739 8.625446512402128 1.639365302784074 6.163687526022557
    C12 3.4190537662426204 5.05351142576962 7.120820381950849 1.6246208904082668 6.496296885028401 3.088890013260367 4.593496181982824 4.186674587378238 4.266763645877078 2.009288969088811 3.289692239692885 6.409964054341488 4.166648356585056 2.266588012415425 5.563755201393813 5.419253688638594 5.099244669762175 3.153656897194433 2.6169880486289223 3.7133491242116063 3.1918906980808517 2.4343599224991146 5.709181317783179 2.0528929790180586 3.0482893645856377
    C13 8.446689576138954 1.769073696499789 6.0792862298886305 4.889162691004671 1.780994470469205 8.14414445921826 0.8405889696296327 1.6719540139171987 8.448861892071047 5.727700544340091 3.3282857114112545 2.3925785901105945 8.636704262443388 5.870659298670108 2.945718268558883 0.802260981834685 8.473331145720092 2.68356177673672 7.564994772415094 8.375387894617617 7.129768707239487 5.98311076358836 10.215965080116485 3.739178093298418 8.073653102304474
    C14 4.527805792771314 7.734718156582891 4.668690338232158 2.6215605325022935 8.561292499792296 5.142827872778149 6.817467079089818 6.891948650952086 2.4668042451577006 2.0754349227966564 6.826889865783368 8.94454330599168 3.0338466937912107 6.297555037278427 5.228854436291131 6.630311753795541 1.7355287598429867 6.3549938095222345 5.415540209932988 6.751275679479617 6.9767543754203585 1.6620635616851833 4.223791376167839 5.723718522025268 4.3180646330242185
    C15 5.189141996610978 5.19278193348828 4.305357322882346 1.3634341330586388 5.999329774449648 5.335682429362888 4.25049204692568 4.373364555329978 4.365901014100297 1.8903990486667661 4.583235868027388 6.378597796985403 4.682320032960981 4.971000346406473 3.2357249047037477 4.145656758680943 4.241525307681379 3.9986775970123425 5.174455465043048 6.41799258229053 5.999913686969929 1.9638924583002557 6.196567016930187 3.6765008388960836 4.851078522312479
    C16 6.129165888254935 3.0382702255380316 5.507361962157429 2.541422515211855 4.021787978691602 5.912427760245436 2.1592713291431096 2.212337356826577 6.125481206863417 3.38886356026382 2.714098066023488 4.2669829242502315 6.284597095398295 4.209317819744276 3.063409976213896 2.601054942250988 6.298435265364257 2.0160519598816857 5.429201607668553 6.407928929638812 5.444262449600772 3.6748488852582932 7.8683059018502615 2.2460116501299106 5.757205193988332
    C17 5.675158653032581 3.6645989523598126 5.211975332388931 1.9590707017793054 4.62938663605586 5.539741222751367 2.7849166037947395 2.827638779028047 5.5233007402229495 2.7960600864780956 3.133898446285859 4.896724141107394 5.705953649657822 4.1955925996141925 3.0968386131193295 3.069934380054123 5.668586525284872 2.4919120185209427 5.13133092378833 6.196186352727594 5.384430291146902 3.063486629546157 7.2842152874320485 2.4375634853196058 5.306490213996726
    C18 6.328143005640059 2.1226489584747266 7.3124276268028865 3.599602828984411 3.7057445311028103 5.827166901529606 1.9557989885013023 1.3074040829465783 7.050455812297262 4.401490968915613 0.899032200404316 3.474519204648966 7.049837919357026 3.1992173118516485 4.6509396451051215 3.3446499678573076 7.556832681247975 0.2326296793688527 5.1291055700758745 5.780602398362259 4.449713629447933 4.782776859171011 8.62114588873811 1.113989681132744 5.964408905530644
    C19 9.148058718226325 0.7944668046419487 7.702447368592988 5.971208225720565 0.9408883180178584 8.681800083352467 1.3277767390688757 1.5587796286945572 9.559686539128998 6.822310461440342 3.064502716842512 0.8059426308629242 9.660175485532669 5.9199299124623685 4.558875447284358 2.3114975527456547 9.774229249213166 2.718354162000207 7.98357490489048 8.569467544970934 7.112024527024588 7.136169077784439 11.248279774369118 3.9579268913604357 8.779790236619421
    C20 1.107199549954273 7.384076844002468 8.628278240859819 3.215008400800838 8.889850281126586 0.7656069589185646 6.997862552541433 6.541439678592958 3.231912435832911 2.8455535589320773 5.391316663204357 8.735721752413955 2.78309940394693 3.0894946773358885 7.694287862764107 7.810501592482487 4.642843016465366 5.433178627128847 1.0182543859502862 2.302899382315685 3.0477151500059563 3.0660858437971066 3.9940791661022885 4.220123660873459 0.7916267663580703
    C21 8.695753167814376 2.4042740272560716 5.566883857751254 5.00199970386884 2.0691844210377193 8.460886896727972 1.481158800985645 2.305810473151019 8.496617705933424 5.816652049591494 3.926167135290018 2.864973270408715 8.731573018062011 6.364190873493547 2.4147635916659067 0.1558514168923799 8.399350957641994 3.2508687951140027 7.929870683976043 8.805725677273877 7.627678061420609 6.033005842278158 10.29551998270328 4.228942835718127 8.323953841282336
    C22 6.526928696803694 1.9736261530975105 6.828726035496634 3.4988570516858593 3.402156344347675 6.097713597218518 1.5471710394628746 1.0886416409866309 7.03744963786506 4.332474909208988 1.4133928434111322 3.3208411551614674 7.088004829604872 3.6589593786359274 4.113238152716615 2.825495196476888 7.430337030118932 0.6686757094288822 5.4475300567290255 6.1826514211150645 4.9194353268462985 4.688210672216172 8.671712546126235 1.527259013519554 6.157629982048655
    C23 4.624948593330175 9.156542735858347 5.539674126014996 3.8888346201279713 10.012246781302942 5.445847767703681 8.257707412786925 8.303419393894437 1.9976391078834688 3.178135783782794 8.125543465309109 10.382654662841414 2.6574295693591314 7.246489472884194 6.586620957645735 8.075747751138138 0.48882212894107335 7.702844334420646 5.923934354394282 7.211172738458274 7.7398742730959675 2.756237324056774 3.3412278741535943 6.971383413023284 4.523772131077793
    C24 1.7943423705913861 6.80736035035038 7.508910872582829 2.1406242804093742 8.201905696353215 1.878328060853724 6.2877538398166415 5.9336178422215555 2.7354242070938173 1.725784082122876 5.023669297018765 8.16282011341848 2.4961849322910297 3.275174724355478 6.646816399883203 6.9365708717780095 3.910888364047931 4.917568231763311 1.9578169062304107 3.295808032629186 3.637019222334246 1.964458537121527 3.982967329873794 3.7926853599083494 1.4283367255259578
;

