set P := P0 P1 P2 P3 P4 P5 P6 P7 P8 P9 P10 P11 P12 P13 P14 P15 P16 P17 P18 P19 P20 P21 P22 P23 P24 ;
set C := C0 C1 C2 C3 C4 C5 C6 C7 C8 C9 C10 C11 C12 C13 C14 C15 C16 C17 C18 C19 C20 C21 C22 C23 C24 ;

param: f c :=
    P0 2026.4363126863504 374.9019902528114
    P1 1371.7494227392679 170.21330829369947
    P2 2134.611726558358 387.3447867678427
    P3 2266.8307905789834 459.1929336259302
    P4 1710.7058870927453 249.5243052770365
    P5 2181.9057739456407 427.28580006041364
    P6 1599.0753321969833 220.6817947950095
    P7 2063.2676343934477 366.1856715549027
    P8 2261.9870482250026 397.1514898049601
    P9 1838.3546425744626 310.3099330395579
    P10 1802.2208211455727 303.2830425528483
    P11 1499.8154956391054 223.19083906616527
    P12 1752.8152891818327 285.21391562232355
    P13 1531.3607269198778 198.28221905270667
    P14 1823.248234910795 314.71431038307963
    P15 877.1122269244474 58.91981379860281
    P16 1208.7590283911152 105.26207380184798
    P17 814.6722209141102 45.192004897772094
    P18 1762.7615828327832 260.1105645587939
    P19 1887.3076380716686 294.0911592871973
    P20 1321.7187387561494 162.06309580614374
    P21 2223.068130449327 402.00888838442745
    P22 1844.4533746927862 320.29408676676553
    P23 2266.466705045943 464.31536211612956
    P24 1502.708508584772 188.51400106577574
;

param d :
 demand_0 demand_1 demand_2 demand_3 demand_4 demand_5 demand_6 demand_7 demand_8 demand_9 :=
    C0 26.366201069523598 23.49537122501818 21.382586831089345 22.846754304168478 11.686381126242932 9.601260451341446 23.943232054323047 21.062516608936367 33.77651519157352 9.57038049764332
    C1 31.13867389106494 14.711977242841481 9.983030840965366 21.28288636413429 18.63889639487592 16.232172215156915 28.528438819649555 12.357632531146542 7.289380552685848 31.00622773875832
    C2 20.743338290029367 34.591038411148745 16.326697144539047 16.44689968638746 16.43239493247146 29.501210343606 30.290921798833878 28.400868581331682 25.620092321911553 8.44365370986738
    C3 25.08933199042232 33.1690717639826 15.442566620505541 30.35274825832373 10.866807145552926 29.6010317075056 23.819551449268765 28.58144597219831 16.257631083513836 11.508733562267782
    C4 12.783416774290416 27.28509042231029 33.57130643527783 25.656519684258512 19.087227273855692 22.998370226652387 12.806903683544219 28.111747561502394 14.407548077453328 14.826191843725372
    C5 29.91647274503312 27.10157857830672 34.15233515492713 18.12481015192879 8.733216826009826 15.052698143663422 21.587165257123075 24.777730863932266 32.249071996855406 11.592833343917746
    C6 7.773237800960967 14.49545868058207 22.305092876055344 13.497450881174046 34.028483061585845 33.77481778834479 33.46100911253794 13.24894474811033 29.25647165501944 26.832316970438146
    C7 32.04925211411736 9.515188387744377 5.4311305367029625 23.611294687815352 32.4208795571209 34.78487374559485 11.11287730036402 33.049276801296216 10.394193075319002 33.19544310716843
    C8 15.26057443694005 18.759772017706794 29.41338048066075 32.75406790656211 17.388042265473356 12.254933392049274 7.7979622093528995 23.82314026872981 5.304208748855777 13.027715967670039
    C9 27.59528151830397 9.424597583587243 5.485738061803087 30.70991801453197 29.61253925670521 34.204709691858824 18.122631164983986 24.15159709411811 10.360312162265119 19.447246163913054
    C10 9.935998439477078 30.929040457995495 31.899647408790607 34.86089663675878 26.115048703097216 10.779812101185598 23.866823785759262 22.380637273253285 22.018815494599952 33.596880829029494
    C11 15.47828777326829 8.40820628226179 20.06255600282211 29.178192877151336 27.23459170665038 24.333030743893474 22.798645754094856 8.102576906442236 23.199645769925922 15.456601390559278
    C12 17.57303233779041 34.09928374155133 31.032744450437725 8.11436118698968 5.228154049728095 29.856496986355108 5.834550027124501 18.773831708848256 5.943514209361477 21.544913422746475
    C13 19.26498253692082 17.19159914466799 25.979514382585283 24.488737586832006 16.23931403060169 29.039949387000583 26.227277415321574 22.876833257679117 34.27747622344131 13.829626321876885
    C14 25.66491479810865 20.62075094631747 24.467350318815146 23.487811147979663 11.718097964129033 22.33560847396458 32.61783182004091 8.212299602143922 34.81218733194106 27.355833681451916
    C15 9.820674799141994 5.110306737178252 18.679924550813524 17.338389926480197 13.50813268146123 8.866113932294779 7.3631751325265675 13.473891152887344 19.517329781111187 19.874051161720303
    C16 25.900702574130293 18.516769023982526 17.311604325114708 19.89214787258439 31.388214824799114 24.088204739334813 16.47214547364932 31.838143657288185 23.420149892566993 20.37969640188195
    C17 15.64077129496585 29.975324837252586 15.566336623173772 27.551802759727615 12.934972116514299 34.32066903891698 27.270188719221014 7.7833142304527945 21.394483150172505 16.998264548707326
    C18 25.787043102901475 8.771516151940759 21.27401048522797 32.81686727957437 30.15452524334335 10.21151812444307 8.916440453398419 19.827351535400066 9.751648050937476 10.791627150049763
    C19 16.674139013070395 18.479859524723082 20.695094683931053 7.991062171800095 28.854146281481764 32.12514117020181 18.611187853171636 15.84191953675131 27.25090487029426 10.188785463096895
    C20 5.297945267165103 34.083725343281856 27.952434197625504 18.32310069427524 17.441495732955815 20.518312340626935 23.945053766129107 30.149476500147383 32.79749537741995 25.611723701514848
    C21 28.492171219090956 7.923381634761237 8.401399983394633 22.43700745833009 12.2466331729645 18.12204761005256 15.74364055392634 16.724006258101397 10.785357789571009 31.619446735992163
    C22 22.913859158432476 11.558683159733011 10.274414150153897 5.9790661188312155 32.005617598233904 7.987337718164515 12.191656526741992 19.73110872405204 5.88665728329588 13.432482919515214
    C23 7.334261400116312 34.37095966659269 17.85150841767821 13.69713377618162 17.436699800046075 29.03515922866693 31.93727721760166 5.6587090522971275 5.6911452527332855 16.784777738800926
    C24 25.038874651153986 17.605283267001674 10.306854818631761 17.61922572818498 5.465901946927641 20.127711397045715 13.907675190380717 7.2072790905499335 20.352341628289437 22.50944766249207
;

param t : P0 P1 P2 P3 P4 P5 P6 P7 P8 P9 P10 P11 P12 P13 P14 P15 P16 P17 P18 P19 P20 P21 P22 P23 P24 :=
    C0 6.842731489230333 8.96511277008803 5.351855728507506 4.8944263167630995 3.9310395490025662 6.85154162881285 5.2914146739880055 4.321694339059132 5.315196802470417 4.084611463864023 5.7771576493352 7.61177286130372 4.264781830224692 3.1735638305476535 7.715649323606443 3.953984047772069 5.771160991668134 1.732535401081627 1.643766754312129 3.545959926343982 8.656277577864092 3.4567260409815277 5.620283925008456 7.604397759060962 3.79754738687203
    C1 2.1389838255801576 3.1502669029468304 4.595278267946748 5.701604015727947 2.3264002536728103 1.8488149115779164 5.215488273989802 5.837128384276923 6.064473832371704 7.309139126319312 2.8182172908106167 4.009985800883014 2.922983092682922 4.263029605680994 4.855784208401165 2.628449803099615 5.8967573529835295 4.547664170590062 7.690299153412354 2.6025319610798068 3.0053350518040283 7.474257596069197 0.6606394649246655 5.55429656100081 3.6863082506581133
    C2 6.900556093209593 7.038597737234541 2.157404076138128 3.338665462366366 4.406059197769937 3.1402189413170656 9.386870714123342 3.954989734164694 10.083030001499525 10.476029226438413 2.1582846596674674 8.781235368665508 6.866901665813559 4.205327537530008 0.36867528589224235 6.276656460648723 2.734542673765337 5.733150066584552 8.864732925926525 4.786965922011042 7.159249338636354 10.259198869254876 5.210870373722384 0.835852326943281 3.6089260296273618
    C3 5.0145568870489186 7.145743222693702 4.783221027558711 4.821350425944896 2.4214527839964943 5.352228624871062 4.028717791099374 4.427702231754417 4.326212320960836 4.00154829151949 4.603814085128121 5.876476879334234 2.4889891528781245 2.664568635339699 6.814202819297744 2.1276575625215752 5.585352822950211 1.2024263846129224 3.3731492710589013 1.9914515157119392 6.829452486711763 3.74409287035568 3.836815915962917 6.925039486658193 2.987972372145857
    C4 8.797805238339615 10.675134884777348 5.143019840361322 4.11383936702735 5.250286762852193 7.812377744119524 7.746836485597123 3.445869953155467 7.782641719141971 6.36581845364897 6.332192841085251 9.831584632940952 6.439155222006342 3.554512421614687 7.665563673444877 5.997192432586757 4.971582936769978 3.1297970846448813 2.5545610733023394 4.997577346074928 10.438755625405769 5.609044791770236 7.2746663248250165 7.248573095645697 4.289212350563182
    C5 6.830494355068883 9.151615439628616 6.981627032469534 6.684557116075352 4.896436324982333 7.811920469894861 4.202070377567068 6.142679771188334 3.9543906075373862 2.271213152487496 7.056402415003941 7.126516637394787 4.1431124334455305 4.771331882191699 9.196224556369414 4.111643658969019 7.5422865461588415 3.168674057860263 1.9702720889514094 4.464770061408602 8.771790816918536 1.5936342778957682 6.071020816362287 9.206111239255218 5.277196111053656
    C6 7.2522268661178435 9.636688346958241 9.211407825221393 9.090904305016691 6.626522782741214 9.305833155519615 3.473658473804649 8.590705449256566 2.7340293981557484 0.48303180137034707 8.92778423987224 6.862110197242358 4.890996984597224 7.041735717852282 11.214468012516674 5.185810286700516 9.917527894474611 5.442958955337986 4.212074950164666 6.2067046288730365 9.189568197033653 0.9912380588315142 7.1413225906434405 11.36250201157904 7.425315809927619
    C7 7.440149510825331 7.6306963754932156 2.1334743271955388 3.1282752728571586 4.755832832352064 3.7181758097810764 9.787915669567317 3.7777631445512094 10.456681325437575 10.733960191188354 2.601005800421481 9.312051043160066 7.27448762094447 4.30480467162938 0.7866180339107566 6.669059542289041 2.4133068850848676 5.882150574722592 8.903865877026409 5.113457145394346 7.746137080513043 10.472005459259107 5.715538261385753 0.25110932026596633 3.778463601096611
    C8 1.3219696490927946 3.1632134641728653 7.761927325727141 8.653178113886115 4.776241250358286 5.173836997360014 3.3051194787582476 8.61592432031221 4.183886898979623 6.309564861830821 6.160222429693891 0.6248410975160001 2.8895961938322867 6.755175450127487 8.256144383413348 3.327993477165414 9.027558877501818 6.238890235548977 8.45952092852604 4.7512305465434395 2.6790710149480135 6.862355586951647 3.0157668495875245 8.948923643945578 6.422488951291641
    C9 5.474985401222881 5.9315628982968285 1.776287910519265 3.1537126137672478 2.9085824132773763 1.978047366666304 7.847190207122706 3.602640629370331 8.55251225320009 9.040960965946416 0.6169415972008705 7.3307103522569115 5.326726523529287 3.147518057334178 1.7505785450528941 4.741735282544457 2.95107886774969 4.508725112974579 7.792477740022007 3.3094998740628743 5.9763194819230865 8.88149700023736 3.717193566814938 2.247814332977855 2.442763973626581
    C10 7.415372227755306 8.424582029567182 1.0019159542954823 0.3945425533338395 3.7387905915031605 4.633244998622873 8.57602811478401 1.0158187148732232 9.064888689991559 8.795945564661029 2.9018155036407736 9.083766551101887 6.252722154329412 2.2027384176843374 3.317810788139557 5.612118715736369 0.7221014513453619 3.7581645681886453 6.345132192666845 3.899414613487378 8.37945111287426 8.370518216189332 5.543960149800363 2.8044890421473174 2.132327782867553
    C11 0.8208116096038962 1.8948510939407261 6.237762579954822 7.327953924755359 3.7361327236361537 3.1783031122992664 4.807045889733124 7.432115106119786 5.714313605580113 7.43313824127797 4.436838142676656 2.6357248155185493 3.1490771582986703 5.760517186822459 6.321041090924528 3.1922563515098994 7.539197728436813 5.756616439393488 8.613538066500544 3.899785597497178 1.5774530149524038 7.784792080079948 1.6365974367009577 7.091541677175125 5.247125426524143
    C12 3.4822160698182514 4.546952038930609 3.167492965541898 4.2450189250228885 1.307409818807154 1.6460665132081662 5.745306901691764 4.392263784019941 6.494857868356077 7.270633479654387 1.5591987217619083 5.265318514456256 3.2341742257472186 2.926168951702501 3.8609601857837377 2.698667383681147 4.462992962185378 3.5550672541994914 6.876594390647151 1.7216570384583512 4.442935559210407 7.258663286761628 1.6286196945377462 4.400186850157412 2.285695559933423
    C13 0.5654506030744986 2.4920317396912264 7.192863856202979 8.163467314707805 4.349553632996767 4.41762626254268 3.871701196949223 8.179419880774827 4.774983106059449 6.752291127557758 5.508481757068848 1.345360410835613 2.888382617555118 6.375165460774549 7.530825964314224 3.1886585235400178 8.477659805626502 6.0452168573013765 8.534545403596493 4.3921996474859935 2.0213341021895004 7.228564056693294 2.413666525900307 8.256068617549603 5.9721757014220795
    C14 7.923902031821467 9.593899349252089 3.600696737304609 2.599208769825678 4.150368766113838 6.449177183951989 7.597193920956068 1.933171285599099 7.812741805500332 6.842415814302363 4.885555442138097 9.184848292078033 5.852890423441708 2.220931299598557 6.1220080820190015 5.313060611472713 3.4767465014616494 2.448349416588686 3.615978507743134 3.991794353256572 9.40656580549178 6.216991394861875 6.245000584229512 5.711545808938599 2.9165686758925276
    C15 2.799319713658531 3.070877164095758 4.4308008647644215 5.670720425299933 2.8489346067508956 1.0727221164280556 6.153718779169481 5.911063632056579 7.007465709645995 8.230643738153717 2.516090646969838 4.693649715040552 3.8616023811553566 4.564979092961538 4.217871440229005 3.533082558066789 5.721120188133161 5.129795038701596 8.385071840804676 3.206407343873981 3.073389511709549 8.366117801150194 1.6051274629308692 5.011035945720166 3.9004208094708344
    C16 2.0867052437340385 0.3220292016708243 7.4441398957267975 8.644130587939024 5.281416481315514 3.968048938434258 6.042927228145887 8.824141765605244 6.946495329156642 8.87553534008378 5.5385986022234155 3.09840833961991 4.733939092732159 7.264792388485946 7.032633585676544 4.827942148162706 8.739491776709848 7.378593943793933 10.256155006069786 5.488041913164434 0.17062359242756298 9.297343020007313 3.207609702483944 7.909688939575962 6.6926785341800175
    C17 1.6016683225358006 3.930160299769223 7.074433132526295 7.840240368322932 3.9492716391108074 4.97488127568181 2.4536489209619647 7.738224059044315 3.363178881424169 5.29054492977305 5.6539326133323184 1.6260628439136342 1.7669418303619533 5.835023946674715 7.894842459955908 2.2750925989588384 8.296171732945995 5.170237636845092 7.295961425379753 3.8469886930419377 3.4703669964458532 5.782926650578769 2.5722483627760035 8.492626361963955 5.586794162483837
    C18 9.650025009637192 11.622929453930391 6.271606525648046 5.208793408375395 6.251707207177719 8.898736067140657 8.185939948842249 4.5434190876443425 8.099713882863051 6.392548050031105 7.449453602706204 10.546576491421922 7.17152674103353 4.65541229065606 8.79264990604465 6.792066054947736 6.048893664802289 4.037915507847403 2.333097877862004 5.965127367832742 11.362446039254568 5.55822354101823 8.220309767206274 8.356857992985402 5.393492855317129
    C19 1.2417879502140536 3.588835641536512 6.908309742753156 7.725429174409628 3.8316023344708743 4.671866521188683 2.8124076081907736 7.653290532646853 3.721999815274792 5.610151168894016 5.4254127129771765 1.5946281870039758 1.8604911376492508 5.769445703760196 7.633679457012125 2.2918674731940576 8.148428715497726 5.203125140135933 7.471342953544719 3.7679434808977277 3.1351321420363023 6.076739614995742 2.3049852979784724 8.256439119117928 5.478418094528273
    C20 8.369435033493868 10.588345575741823 6.956002680509862 6.292628880170628 5.707401867944505 8.634778019584475 6.10712995335758 5.658795838398828 5.866951365392875 3.9563894805477604 7.5391590130899555 8.892380671585961 5.700053137143712 4.8527674383677235 9.39393863755648 5.508526349179226 7.1864819092745345 3.5102962939105673 0.19786501473833676 5.313772266244162 10.250439501794425 3.0998892551913464 7.307795424042171 9.202639762345246 5.521415869082404
    C21 5.3917927245836585 7.583628696723483 5.236645538361675 5.172055755548598 2.9720285484667306 5.900595420648117 3.961798667401441 4.730125011045331 4.144935481191139 3.557063109429757 5.142331351649587 6.113508355969865 2.7736584433707536 3.0694503640633934 7.329884504909226 2.5114236946745945 5.969235289244402 1.4956889223544372 2.92426451347811 2.541816953488177 7.250100586655934 3.2361646925893677 4.322829514768637 7.409627818000661 3.4626936448016714
    C22 0.5721038197250548 2.558736063292118 7.178704273173608 8.140751853754312 4.318635514148256 4.432731718515626 3.8045255490954815 8.151456242527209 4.708209459747808 6.683361663791299 5.504739576359067 1.3260034291249503 2.8275750221758242 6.341434312121468 7.540065181479495 3.1350050036678097 8.461595640037986 5.997393009366524 8.473613807679568 4.355334053570922 2.0888517465301013 7.160031240289358 2.399518935985188 8.259593539652275 5.944677920165551
    C23 4.815227601320778 7.135358335661376 6.061375788929469 6.165622143739594 3.3421803105565644 6.090370081040849 2.8237049075352685 5.774045557211008 3.0089994803002633 2.8170109347061407 5.6442208659109605 5.240865987012828 2.125778974524402 3.9962719454425866 7.944775375126558 2.1348990489003086 6.917908110051422 2.5376499522718765 3.6278224373272376 2.92229273478068 6.754219787494655 2.7735279347199 4.129826551280094 8.140947199847666 4.252781535581136
    C24 4.070279296410945 6.457143238184018 6.815081024110157 7.114294357213103 3.782368391993121 6.153177402218284 1.590899605931412 6.792342770099628 1.9710819502390668 2.799459665398044 6.0621529377861725 4.145873872138966 1.6226693548972502 4.921044970625001 8.422056166116382 2.010145864197355 7.800450907314202 3.632864911741527 4.792375672601966 3.4251927699469347 6.033032456932938 3.1406279166856823 3.8857393337457418 8.747580941454913 5.03003994132949
;

