set P := P0 P1 P2 P3 P4 P5 P6 P7 P8 P9 P10 P11 P12 P13 P14 P15 P16 P17 P18 P19 P20 P21 P22 P23 P24 ;
set C := C0 C1 C2 C3 C4 C5 C6 C7 C8 C9 C10 C11 C12 C13 C14 C15 C16 C17 C18 C19 C20 C21 C22 C23 C24 ;

param: f c :=
    P0 1877.5233834480778 330.59927013862654
    P1 1299.1640897741602 155.2352550884608
    P2 885.8442223036026 67.47064553437062
    P3 2073.153977293972 385.05001240531755
    P4 1423.7715081273852 188.95807355179892
    P5 1460.431832361352 204.54630667694548
    P6 1196.7318902135087 115.1850725366697
    P7 2383.175583288462 455.22332305181146
    P8 2085.4800387856026 356.3918594137012
    P9 2250.0918643907316 439.9139702412928
    P10 1813.2950560801064 309.1538865265913
    P11 2381.1300670855653 466.23995190105904
    P12 1993.824279199277 374.9177666670895
    P13 2305.3548597639456 476.4553403000894
    P14 1125.3431070719573 103.0314591200338
    P15 1479.1994690471151 183.94553446883648
    P16 1837.1274571695162 264.93901876246986
    P17 2000.6004901373321 340.28841130930294
    P18 1177.748171027577 117.37669859387466
    P19 2296.3748907967515 476.001090974519
    P20 2151.036791071869 370.7914614990846
    P21 1501.268385821486 188.12216262076123
    P22 1479.9094767175577 183.08134916482717
    P23 1464.0642234476636 205.17519411965748
    P24 2113.8036511013233 370.5403423650615
;

param d :
 demand_0 demand_1 demand_2 demand_3 demand_4 demand_5 demand_6 demand_7 demand_8 demand_9 :=
    C0 19.19522419088154 29.24295478255678 22.80110470013956 34.5379601822323 19.19684841994531 17.474031022164894 20.926072982852943 22.726809953801233 14.186123706899775 32.17863628859432
    C1 5.9178654105482655 24.43909283397071 23.463052549254108 14.27978284647808 6.015083871232568 19.606826128554555 31.687591119572925 18.478140145100767 23.00734922214915 11.122799827716154
    C2 33.12782064908298 34.75511812821577 20.782624797154213 14.798289509984988 9.69592870566121 34.651065245544075 34.80893207873876 14.008475219796564 6.535870767377821 9.917218989453378
    C3 8.546792114080652 5.062617839397819 29.95406648801348 12.220438374866564 10.744658115152784 9.445033231830328 23.373913599530955 24.56164088521109 34.66605169628029 7.928129307573889
    C4 12.07046959247886 10.327192105207882 13.533345640886425 9.461627536244976 6.981660511101525 31.526573778765123 23.36673517450564 6.1613142080760595 11.402436614205687 32.952244122798405
    C5 31.37317530761626 9.004499008824606 6.9482755949355415 9.65657235014386 5.941385367763344 12.200701351341099 18.04812984981652 11.884187758363534 24.83865757711811 14.28477272344047
    C6 19.75582329805989 34.51103192051794 23.185031977086236 7.383593781012613 30.592027486181415 23.11765503034539 33.49450820638338 32.131412903867 13.626714150534898 21.269586240848337
    C7 33.74822789348915 16.003009605126017 12.799466660036304 22.630492867933576 12.565458727529435 33.711878346919036 29.008383387198723 12.624257444175907 8.476149779982986 21.460420036097453
    C8 22.652696716940827 25.56985108213504 24.303920815007796 8.53154416702985 10.59687476139936 32.21920688500748 18.648575014801885 12.960977406267451 12.045002339548425 7.057693096151745
    C9 17.15953091459847 29.80272129922756 25.9982818025853 8.230234831174997 19.928507833966002 26.6235316948249 26.573216227659987 20.922284550045617 34.67831247799691 34.48440816005363
    C10 30.483501829604357 15.717515051228903 7.8836056954597336 18.467605738217323 24.749883480344533 17.536105820189956 21.413695430053757 6.216324393853752 21.82264143058387 31.196634796583847
    C11 13.594027737506302 22.15991767216925 23.19450763399718 9.479804647587923 16.9246890657525 28.12579825726713 21.163767575500184 33.56025766316961 14.857621530570844 30.590908587821456
    C12 23.317181722342113 6.212894953464319 25.6709608324685 7.203264672117363 26.274251907149196 23.946138850017082 27.673207325436852 18.47749797381013 21.351897639655142 5.099846561309439
    C13 9.946832806492882 31.786391804315308 5.961012108637424 28.111001252992796 14.7073874882487 26.340956541068028 6.335409794260338 16.90940544059509 11.007712337570936 12.186542540635674
    C14 9.77576000943381 14.904252164059425 30.564692990181804 25.631774213899014 8.987097624491422 29.00625875924757 14.978162203263095 17.900322760886795 25.55252122048299 28.35994611017542
    C15 14.814286960686601 6.168267428051425 24.950257278116013 22.37810915095822 14.80724552540807 16.190716774131317 17.220088971254285 33.75912340196349 7.390306739980316 28.8327956404793
    C16 16.30542938110201 22.485905084538263 25.847263143806227 26.55921440160202 34.00091350988698 5.0821192051315105 23.811281986181232 29.071735323209424 24.405289421736367 33.33091704623053
    C17 7.486351229397915 34.645540052543666 29.308123689705532 18.060045035901794 17.670451996863964 19.483950981103185 28.75514843973483 13.209041178656584 33.39735675153088 33.95431023366089
    C18 7.462845910111869 23.430900275754876 15.762557674580345 8.678555100382848 14.443651353880414 29.729721241282093 19.23552703027861 29.43274033803356 5.620726890741273 8.401122785709862
    C19 28.885828942976193 29.642893431160847 20.266276368438916 24.3293306980139 32.46479721773731 20.03230680563596 31.347031239549466 21.39637789277365 8.896324321124396 18.538747803314738
    C20 5.254695896069611 10.767444474147858 13.80959808531912 33.277361915627274 21.99706216189277 11.331852856533045 32.87145222653666 17.502651739793286 27.482307418663034 8.643171303077729
    C21 21.211113578500438 10.098031736252338 26.169722858362945 21.56360709578852 25.995657410613124 14.975537586291663 32.42315617599364 20.052555174055527 12.745796554317167 27.979993783352814
    C22 19.779454223047487 16.725924869818446 17.03282089933073 22.630123936208932 5.223161101901715 24.759969232478905 23.2628137406478 33.57791753100233 24.723715027939516 28.3861257585716
    C23 7.7694514247121464 34.80443376832308 29.208975940308815 33.123085955331646 28.496200404505235 27.096363919389052 11.928357092236617 28.838891632880102 25.154326019531297 18.95891677829167
    C24 34.10180638587237 8.226154133825814 12.053752570060825 11.293156347183057 33.62868716953703 20.149434195484076 14.455386437803991 24.200589609442762 17.467269412099153 8.662925321141302
;

param t : P0 P1 P2 P3 P4 P5 P6 P7 P8 P9 P10 P11 P12 P13 P14 P15 P16 P17 P18 P19 P20 P21 P22 P23 P24 :=
    C0 10.670309706692368 5.083614686597489 9.736463231241949 6.157214300719497 6.625289251299744 7.702911155647532 8.53569876819111 5.3027971068231015 6.5388152036534155 8.8911495666688 9.219774893790223 7.063858289880697 8.110129014797979 7.7363394257454114 8.382739487671085 9.076613500254565 2.065564054063705 5.254403674637508 6.959991414121411 3.1083768825769638 2.32319515421859 8.99170468482857 3.4202225106335864 7.164313713711997 5.400716764790307
    C1 8.967314912446827 5.064555289641444 7.849253377086422 5.728193338878919 5.445406746233166 5.647646143889822 7.026841390987531 2.883758793042603 4.303743175836819 8.525467778208661 8.76600997708318 4.797506615704857 6.824759293915431 7.472251443833276 7.221917000390654 8.846006058381644 0.6057760064533539 5.920689362036549 6.380893197011337 2.2972864147008725 4.376228187484249 8.05908660416459 4.893471409954702 4.859642748191177 2.9964510329051426
    C2 6.237559251805149 1.9380832173477778 5.5680842709049285 2.076052031811407 2.0070763876242603 4.099214022695158 4.014814095848624 4.173745295161252 3.8033601036242444 4.819878717724979 5.0443914956691716 7.042811182133919 3.495625292391467 3.820208619857637 3.755368243668118 5.174924198866082 3.3526434142599104 3.441739668795355 2.6592168894201023 1.5746712274321986 4.830240828343567 4.429632395563135 4.105660601081768 4.538849419674862 5.030684210192268
    C3 9.236147881597605 7.269815328059704 7.88283786023288 7.6347544628034605 6.745735608144878 5.582497409311458 7.742855242159285 2.096535475220171 4.010112920529564 10.287613637713067 10.44827170011084 2.281754744885534 7.845911821074255 9.363975378268563 8.348207528509018 10.691690401225545 3.2138559351429414 8.356861881061539 8.120794682703377 4.534692760141591 6.940962173657576 9.358974834375706 7.5061794616327004 4.187677691102167 1.286164666834011
    C4 2.379338078260225 5.482769312071251 1.3934483579650527 4.532102088096571 2.598392889713008 1.497688013305425 1.239442919554348 4.833689603529613 2.969357599023659 5.493700127331166 5.373771121697008 7.097794802055837 2.0132005936971673 5.303178535006689 2.524338478025878 6.0478091454633525 6.559666662068028 7.057850302928372 4.165455893331537 5.362642174404273 8.989201173341247 3.5886241412759183 8.248230830548103 3.130059653910622 5.757297046939711
    C5 9.327442910579272 5.7998631732870045 8.13853738376633 6.424692146971037 6.0176978362919264 5.8767471088913315 7.47988733438758 2.767806535830652 4.429182964693842 9.208967592087824 9.43673327861194 4.252635208645865 7.348217452604999 8.173227632532452 7.772816880147357 9.543618686028474 1.3339900074577549 6.665900397014722 7.051920443403997 3.021294683150471 4.944638522439192 8.653230095054269 5.575616517473952 4.898679875572381 2.634075335252758
    C6 1.1971157071049494 8.026986290371918 1.4245251175789617 6.9157157433237595 5.149569430914483 3.67957011478538 3.1240038670136654 7.1337273236420025 5.220580218824042 6.959760528646489 6.687467018848664 8.819657656977807 3.9866944876922448 7.187813155212166 4.224800299356841 7.495369387969504 9.282842383639723 9.532904673660907 6.343906902083755 8.144368707255435 11.749225286683007 4.869769279227707 10.938046241081798 5.0353190113710475 7.937995763505342
    C7 5.571997979355624 1.574031238637323 5.338681395738975 0.47522364209557194 1.4895517802843998 4.628859407432895 3.37667211174589 5.768773770416048 4.9232848948272725 2.9866699708905555 3.215872895796416 8.64596671594774 2.561131099622402 2.0294020423178 2.552830488209761 3.356013464171379 5.146659205066727 3.0338788704400885 0.8325727600953959 3.3199037847720874 5.798809110009328 2.870081814891317 4.66122234294072 5.586884888351843 6.691048021031864
    C8 4.722798992648649 2.448082013609154 4.58598358744022 1.2351554152437796 1.0268713722605385 4.17186163152286 2.5674745127059535 5.850664017871454 4.732951076748613 2.745459168452855 2.863760867559328 8.68725840249471 1.7121439940387406 2.0859350972471273 1.677218838335543 3.2153576913763486 5.698116195069599 3.859814931198691 0.7942277092705791 3.918706332056114 6.651305524617564 2.0997058009231853 5.536024895781236 5.332203916198086 6.811490782606704
    C9 10.010848203415472 4.164550916864746 9.15846930572898 5.265723240489888 5.861627927501491 7.23345471359888 7.8326431695737835 5.214806460458111 6.206288165622931 7.977449966942309 8.312237486817546 7.298925616402113 7.35015361828339 6.8192342245401285 7.590020221992274 8.153886585050715 1.9755084476372828 4.340432893536722 6.079220495101212 2.426565409940534 1.870741486848301 8.148210132870329 2.6421832785167982 6.879130476953632 5.4808277385519855
    C10 8.64879882000428 8.050529517564446 7.216530419590011 8.175681569998211 6.934605565302637 5.029349128200103 7.499165086847057 2.045068601863499 3.550746731928144 10.63102174545212 10.729236894596886 0.8706500101261289 7.787644196636658 9.830040922366484 8.330880522835114 11.087027205174511 4.5463301191966 9.317315463147711 8.522562443336083 5.498881233815924 8.367366584383477 9.411661102184182 8.769185684002712 3.4339600026181882 1.1700553235879174
    C11 7.29956034909687 2.068301543797956 6.570332659611033 2.7574048198383427 3.0841369697374383 4.919326973344026 5.087233370978734 4.216493952361169 4.328460169933713 5.568587833567751 5.84332628432721 6.976313953255858 4.572249404101055 4.478329211854768 4.815220950780489 5.854895757704784 2.5420965920878453 3.2130896935122335 3.4875077304026822 0.7242793829097781 3.814006362216675 5.427995548463709 3.2759885685122554 5.070953841342863 4.936380017062661
    C12 10.392749407117712 3.3481341179388324 9.896882427085924 4.630540240747083 6.067597427298471 8.43732113006849 8.147382671045612 7.386547751081184 7.840551548594209 6.773799256964916 7.1806274927353275 9.821991704532824 7.423249901605157 5.640520612247451 7.460571407856377 6.768365336993632 4.481793644785574 2.459258534472199 5.443949416405802 3.7845966866452145 1.458422089966842 7.643418035708661 0.2681050800529542 8.577439631133974 7.873697879708206
    C13 7.681076183994875 7.8500827277875596 6.232221591188274 7.806409412066336 6.373185085269329 4.125804250558875 6.690214975189678 1.824781237381405 2.766232362965852 10.099293288981336 10.159219849972798 1.480996840806032 7.068348980722786 9.384382639946923 7.624511462852853 10.582103392421477 4.909468429236419 9.229664383654288 8.056712136853934 5.5148409578880795 8.730188865075753 8.72801128673704 8.952456079882504 2.495438547869727 1.4428418214275012
    C14 6.071725570945096 3.416545576352953 5.096701708060694 3.4374197208458006 2.5376164987828647 3.1692193288474657 4.0478174816512364 2.7086200440866754 2.4617616225756516 6.009348907651519 6.16789816368599 5.588172507427692 3.8473726299923934 5.1220434160026915 4.271379390185827 6.425079771209595 2.8440236577620426 4.869152617755102 3.8489341814304243 1.7309478273833818 5.508211798510674 5.183659271313608 5.135394140957461 3.205193862353079 3.6035520768030955
    C15 8.044004145052803 6.985889206122858 6.657451863316119 7.133133567418763 5.965678437154384 4.382347391261546 6.700497847888792 1.0506462568361545 2.824408194249128 9.633419327485107 9.747950007716733 1.9345856331723605 6.909405941414852 8.803942622213114 7.439226065324379 10.078100648329205 3.6157813781379304 8.255548496103907 7.506258880490449 4.445139275855367 7.448712060029923 8.498310824859491 7.767491195422397 2.90964774397453 0.1112318002559079
    C16 7.634554775958101 4.19009895296698 6.555785662870404 4.634480074661822 4.13105358008418 4.416976478548892 5.674670405247011 2.3144989022850355 3.2202529059565324 7.378972952756962 7.587652121287234 4.887981734959685 5.483457197953956 6.38303625833455 5.893940411518236 7.740112336194099 1.3123328151012683 5.3246547382334 5.209743483648525 1.4869322437077659 4.750594594971571 6.764777563179875 4.843191238397509 3.8691969041112513 2.8644058535502355
    C17 9.573432321016877 8.62736265332338 8.142579361165696 8.855338816661508 7.724885190428024 5.947150688040312 8.387698929390494 2.808461284440014 4.449534833976157 11.388620297549213 11.506539814261856 0.9074018579179164 8.64287850572562 10.543644010768604 9.17913557223221 11.828628845715915 4.768321615784737 9.806325273714396 9.254162526300869 5.9675537517413595 8.504897918726549 10.247088855621904 9.056983477637365 4.35878952768653 1.8373594485894096
    C18 7.903195305814866 3.5633087495516866 8.241421667099205 3.2785549271888534 4.9855549046206225 8.148345949130114 6.186178804532779 9.399345711784452 8.60903165437186 2.2135208059633253 2.605636876750468 12.279760507754382 5.285651090122922 1.9454663343272438 4.889964923911618 1.811050385585184 8.101515323864808 3.182816071159311 3.187458512560677 6.348578328120681 6.965545780272949 4.207369298183106 5.4488365472345714 9.255109965620834 10.283412863952963
    C19 7.523685512910243 0.7626623984673914 7.0639257013868875 1.9355068625948997 3.2013045684560177 5.798307927669683 5.278590888440591 5.6506243213135035 5.515863454951929 4.573242718197435 4.913491004974252 8.443223266142915 4.562495372804751 3.4149500957787433 4.633899904118819 4.757953377934146 3.847672351463479 1.7721363005926234 2.775429050991244 2.15840240340927 3.69507372842844 4.951774075964157 2.6103207110404543 6.255700026545404 6.403115389135703
    C20 9.23563344253038 2.1215331873076106 8.928772565335578 3.295925307341557 5.0194548156734715 7.7880123987057805 7.030305593781745 7.463058090925669 7.49634017698164 5.146990192616595 5.5628696250101335 10.14861986264064 6.224090326510515 4.040538336845132 6.1689565235253365 5.112578206419474 5.078043967941882 0.8073650407236359 4.041618796531834 3.788754393574571 3.062307013516407 6.196694360962112 1.54349783769395 8.238659628200768 8.122305525671266
    C21 1.3419677095903273 8.105770331169346 1.437576280867447 7.005817194465069 5.221536083070273 3.654068671836603 3.212992701540853 7.091709507860867 5.1833824556433346 7.091699029621986 6.823145108412084 8.735937818719009 4.085084121537599 7.305360706641871 4.336883601085157 7.628893341830474 9.286785671480995 9.619642182525585 6.445225140105508 8.173795256673944 11.795508299614607 5.000364710466211 11.000704996289146 4.977539026002445 7.884774649750415
    C22 9.45715205935383 5.333569951008839 8.342232406398495 6.072255519221558 5.8872072912358835 6.138287844792108 7.504403585986909 3.293204606828792 4.780980909708094 8.879865939278039 9.13396081447876 4.986562813758184 7.2835593998842505 7.805795905139573 7.669908450436184 9.182078830155731 0.7886739152655563 6.079471529878772 6.752816581793978 2.619687168989901 4.205202767643046 8.485295964302624 4.870494862817208 5.321339532180557 3.300001697475503
    C23 3.9501493972387633 3.959560069475794 4.37897796146354 2.676115361896958 2.4117652532471605 4.86885960201838 2.4169428033980784 7.276135601467062 5.85641745798009 1.917510822189468 1.7513980480556266 10.010081558414324 1.6431162084498965 2.1555746171206365 1.1008423284587379 2.4725941040280026 7.46162118391026 5.078548440934397 1.8424446995822792 5.696206008860951 8.284652664644653 0.36144371734978226 7.0528245973839105 6.322467209900485 8.257775290160255
    C24 2.3500271323305637 5.530139748723279 3.1849195848576164 4.2524144770477115 3.244639641127911 4.46786278489374 1.8534360369986123 7.517145549553968 5.804477774099058 3.4686828747213294 3.1630030995034577 10.008814101832 1.7954820062852581 3.9132962074592577 1.4843914798695226 3.9852640830562414 8.401472947884013 6.780257876941288 3.4721058799154174 6.776654966523269 9.769601444483682 1.4491370494148001 8.636651629709755 6.08290128250018 8.488894489401893
;

