set P := P0 P1 P2 P3 P4 P5 P6 P7 P8 P9 P10 P11 P12 P13 P14 P15 P16 P17 P18 P19 P20 P21 P22 P23 P24 ;
set C := C0 C1 C2 C3 C4 C5 C6 C7 C8 C9 C10 C11 C12 C13 C14 C15 C16 C17 C18 C19 C20 C21 C22 C23 C24 ;

param: f c :=
    P0 1009.658135724867 84.6463942700012
    P1 2578.525648612454 512.0210058278918
    P2 1555.1956979170718 191.82662323733098
    P3 2209.0191446981075 451.60125658390706
    P4 2769.4864064178914 642.190842043051
    P5 1859.6964651229296 295.7604533834661
    P6 1039.9097866825648 89.94423130224902
    P7 2722.057878955128 646.708940044455
    P8 2902.6915230395266 704.6386189374618
    P9 2741.9177640262583 688.6269787788548
    P10 3015.3425121481664 776.2882306282346
    P11 2853.349042793759 714.3757158275171
    P12 1618.2213744398978 206.92818012441626
    P13 1167.4798148291684 111.05577639117024
    P14 2141.608871929787 403.00047020053796
    P15 2537.2702343082938 547.626648926473
    P16 1076.8828735593713 98.65478072743971
    P17 2233.658323038752 431.46035403823015
    P18 2653.6183971381674 613.48102846605
    P19 2539.9245923285944 533.8036731880321
    P20 2247.430044627795 431.8688879214195
    P21 2204.0380499696016 423.94083208716864
    P22 2170.063031202913 398.2004581708378
    P23 1876.1622031283462 291.3673496571567
    P24 1925.3720583733714 330.4090410031881
;

param d :
 demand_0 demand_1 demand_2 demand_3 demand_4 demand_5 demand_6 demand_7 demand_8 demand_9 :=
    C0 24.47291828347738 26.5342858928027 20.692398785553614 17.60186207273832 6.632985805340212 7.874907542162084 26.73869109619801 11.011157104496982 14.945453287796223 5.629812813873379
    C1 7.3256934893092485 12.027738313403527 28.467581258936516 18.465844910496912 15.007653650568805 27.558900731304586 18.338729408217237 32.255006552024454 27.20244162736352 25.32357136992593
    C2 5.928425615855794 19.81426014765274 10.75554643146705 5.154778523413586 28.82333358453445 11.993359520565583 12.294574336187399 28.55791421273435 11.159490808914429 16.367682737455333
    C3 29.96251593889071 15.889975362299985 25.339361508887446 10.83824418515842 33.30642731627319 22.987275597633747 28.91076752038392 15.246557710175715 10.527335366476546 28.622422416138246
    C4 25.148392344678214 13.422690740116952 34.75854060869159 7.454267042897294 28.27248415350125 24.791720947029027 6.814735485840011 25.035804169414575 34.696341307474384 8.329070286091405
    C5 25.167377395201235 32.135227703462775 25.78957446166898 22.15458850734075 23.586996668248506 5.318196368234881 14.35000574242822 25.84344730343841 15.884514378732165 33.083423125051866
    C6 15.589841970512051 26.209040196096964 20.98824552024675 5.7611581661398645 27.922957113907653 16.51760074441338 18.075443844450803 34.45769767479652 7.211934706096349 14.152171341226325
    C7 29.38343741961787 11.272589640424115 12.587632167491396 27.123325368529855 23.760462726605574 28.85494033130386 33.79224054180942 22.99286909976911 5.9005276608522825 12.204497986206558
    C8 29.82400505274032 10.882603820621265 21.80347931752397 34.34286833320907 22.36803407776945 31.39814502452553 27.6312090511047 14.934363034071476 8.45567877793356 29.284633108753766
    C9 15.738972213883182 29.63370411957117 18.617783710797497 17.71460770616882 7.566040972141677 23.576916627871526 14.33564720682783 22.352322466544116 13.71728646168294 24.82726145640607
    C10 10.315599107551376 16.882585386398404 33.136711067061384 7.233211007042649 6.820608358840876 15.188494246659 31.55665730114513 33.89194667391341 10.832103333920518 33.234852670191245
    C11 28.0389753308601 31.0974869751962 24.228988589294204 12.499524845974925 6.000310266925794 33.12754556740286 28.264869931107317 23.48309411845317 22.570591772953144 34.313055380960435
    C12 25.910904031350203 22.073066942466564 33.292226713157454 9.934447257792495 14.398383026588796 28.48787412627907 9.422271878165846 17.560858650941935 27.965982040742613 34.93084742647494
    C13 5.252941278687983 19.82033964331681 6.555883926270857 14.324175729493225 30.430764338380918 18.622302901121873 14.260232434420917 9.868399598787999 6.317144775832281 31.449913852002783
    C14 18.880775951701544 21.55355562130442 33.16277988024039 23.77984060912461 6.950846563871109 14.845810067909959 15.28700946816741 18.6290628186104 5.8905671981996734 31.351635093452515
    C15 33.087435482365834 24.795152635607455 17.976445148365546 7.90178292122619 8.826073720008633 10.77443952292351 16.064899855167653 28.675741607817194 10.934749830685751 6.961325582525131
    C16 18.33732970268204 21.971211434641972 34.8531942978969 19.398992605197936 32.573473632869224 8.08068961179746 5.242455270367992 6.2657644963109504 10.22439827448391 9.332967374337414
    C17 11.645622941064335 25.471508041688622 13.221067887928566 29.241772224908363 18.257552099553234 22.85525323002772 22.593197373526575 11.582176443924066 31.56146688654993 32.72466401699066
    C18 5.593450089936179 21.95420701254804 25.405204262948466 22.775923117374084 14.044132220165126 7.026334164936801 25.349011230006898 5.110912167750384 26.565100217078147 28.846943495342387
    C19 13.43403451455109 6.960818750001025 18.997601828480075 23.788913250355602 23.785556353294623 28.682492712314303 6.719529383790644 11.690752661202971 15.194524790540527 10.750438764517316
    C20 32.641960689991215 8.84739184662106 15.84415529308995 15.029076078647579 6.973707773199881 10.808436253153529 20.21323602330322 11.908220306009817 21.63514865472114 16.345865881671138
    C21 15.734630567918348 6.951479642264001 27.770651439606695 12.5122841254965 25.32693372423722 22.196363983895246 30.055247893806527 23.71760052736219 10.356242924031813 16.227659058113012
    C22 7.698995578947844 12.788734421185417 31.514073249970437 8.235219599360939 21.77774154816638 24.120912069581003 30.761066165851194 12.17057119624604 5.644760841744559 22.986474878238177
    C23 23.40328126219732 22.097098720553284 11.736446182496394 12.150776377052662 13.847503107025318 12.68858306602937 17.661834212500477 27.037585325915007 30.286442621452046 34.30944620880699
    C24 14.095355974528452 11.838955256567093 13.337990921376232 15.224059037681856 16.44366452135512 17.63021010489746 10.862213889474592 33.5776468697159 32.319468505946595 12.336489168036042
;

param t : P0 P1 P2 P3 P4 P5 P6 P7 P8 P9 P10 P11 P12 P13 P14 P15 P16 P17 P18 P19 P20 P21 P22 P23 P24 :=
    C0 7.687273963157326 8.830962971478098 8.815675912965498 5.564791239104463 6.522137110452427 5.5098192890109345 5.3444138133812755 6.826787048805235 3.729584661634144 1.4367422671647965 4.810230794608485 3.4316740511714894 9.375524202403978 5.957860962871696 1.9254849570365438 6.156148602902782 8.934452431466532 3.8004652171469133 3.517776799207961 7.073839641956081 4.625556336127222 8.701461174839245 8.209114622471223 8.081985612448136 7.527300036265508
    C1 4.506479569348985 5.650778038597913 6.088581651387182 2.5901239047852744 5.333835591730209 2.2931421131082947 2.9682782285041416 4.224270123815069 2.7758762943301516 2.977588441005384 2.2405028448782742 0.36832743679110125 6.283779263180182 2.7506547117837172 1.5025322006293629 4.482092809368726 5.789538474095561 0.6302518437884707 4.887535769851816 4.532824028508861 3.1251634368693053 6.512009012867022 4.994499633051106 5.323304105072458 4.449031420201796
    C2 3.6534593160067015 3.7722187195847963 3.6086453579086313 3.134355078937172 7.100735104335584 1.8308751872547488 4.288077362722197 1.7565653356924351 5.0363028355897566 5.410159096865756 0.6508635771862963 2.132366302470328 5.588509315448773 1.6373109797680696 3.9341202668993906 6.0550898904538455 3.76450713586105 2.31645886624732 7.37224856835346 5.236307486725483 2.1671684777670275 7.345656457519123 3.719770113224479 5.5423191010486725 4.0741522415178375
    C3 8.142158057694202 9.455977131006051 9.627592498575941 5.918705774537424 6.236947174928046 6.0559961079586175 5.4860963348931815 7.650177221476268 3.6239314138146375 1.186622726237156 5.609181846894909 4.07377658163869 9.729700607759819 6.549670696424579 2.3483075009120435 6.031282944334721 9.591397487584391 4.329365795267716 2.744555528974795 7.196249267086684 5.535418227365408 8.652568892737154 8.725330495498078 8.267696938805296 7.893699707162758
    C4 5.983799714871395 6.262059602156524 5.466483566129501 4.719561489238885 7.810472502600932 3.801227096994803 5.402420216197944 3.4948573703134533 5.124212169656128 4.297737181370401 1.8525776268857872 2.2491707600801543 7.91626381342982 3.909672344467869 3.118724676181021 6.970250787756454 6.219929521278388 2.916193496168207 6.577374514963999 6.8331383336409015 1.0336721309666035 8.891064395310522 6.173665533288283 7.446741524044742 6.228514920645854
    C5 4.40936808888535 5.6010603280942695 6.108937257029805 2.4603366541307805 5.204725715407489 2.216165110429277 2.824796278436734 4.264883781837822 2.6768236943303636 2.9945817746681005 2.3060378834350796 0.44870016437001053 6.171850713928445 2.692837896065783 1.5313817715221398 4.344880326331463 5.7499549303937325 0.5169962081201497 4.8546120615230715 4.391086916089171 3.2431254136500853 6.368434237108653 4.913503404130285 5.187838518778404 4.33359352931112
    C6 4.750888706677481 5.975926150707772 6.4507545022622725 2.7275557251684788 5.152908251828104 2.5813086795309004 2.9370998749034882 4.582006473095558 2.5032408183629773 2.6235073130422144 2.5848372428854733 0.7204118730569408 6.484893796950036 3.0664486921173517 1.1562882344856162 4.353762314471854 6.1253259117761685 0.8606589868533926 4.52910256681898 4.56675975556594 3.3763571754953254 6.492419190606501 5.2731066342196495 5.416963998965705 4.640385431852479
    C7 7.960353352624223 10.071599857503433 11.595169051164746 5.8893410768511 2.5945328510460075 6.9874965910220865 4.587472392712633 9.970543421438254 3.1988572778632527 4.324411720748219 8.143345862290248 6.303435372159738 8.642150863921195 7.578909620881188 5.050133863137518 3.401343563579418 10.400223559905253 5.925473285006269 2.5126112255379596 5.427650708630008 8.989967831317239 5.566411795273039 8.783044318566036 6.534574824295186 7.265545713027063
    C8 2.7323660890373795 2.3641553855930804 2.7149009187716837 3.1935739103637664 7.375953500569788 1.911577325918655 4.526061736334807 1.5760771913632237 5.777752907011317 6.58019036318532 2.055196125452978 3.2927662751235602 4.5663131341125895 1.3528255845830595 5.1037199040782975 6.2633677176712785 2.3492598798829127 3.2372822128483896 8.36450919171738 5.005705457688335 3.4082699359639705 7.033844566864093 2.5463961420560777 5.0084678785616035 3.3741013384042713
    C9 3.5762017667311974 5.635753883907064 7.327062128851793 1.4759704718248348 2.7743643288665396 2.728125574181855 0.17370776477086397 5.9397336328580135 1.9370514582753797 4.16266192979712 4.508727593037202 3.1258393686299604 4.650790901132211 3.2778607432100286 3.359879018569706 1.7145895738998695 5.964982871388768 2.466412844497223 4.772953466887065 1.8640862625469476 5.842132187737113 3.630275225027366 4.37857164551853 2.9389622305542678 2.9819767829661137
    C10 5.293544513969052 7.477346012767368 9.306343585936173 3.439505880088335 0.8723519629710369 4.710263236888562 2.0895252641302404 7.90649169009936 2.0727463562874298 4.429349119461315 6.362690746321324 4.752528530966975 5.897066915954065 5.259950247072948 4.28015992690426 0.6767008444077589 7.836296802846432 4.17506385484622 3.9957559449211644 2.6831479731995356 7.558984421871772 3.239820428069791 6.1269801412093585 3.805957423291017 4.557598619958034
    C11 8.444883375635976 9.279414349351764 8.803576190022726 6.506829298671528 7.917440065147606 6.185086113148397 6.505382574685003 6.821107741949172 5.082393555901499 2.8707511866808124 4.964554167482992 4.060862964165843 10.245043279830224 6.538525470964865 3.034348748987524 7.485194568506878 9.316244790957825 4.5897579090460185 4.86495498706928 8.220895620371628 4.309836941211648 9.964952831832269 8.86267601673001 9.157350610702695 8.408480208841581
    C12 4.222953560068415 5.916563966842515 7.019155169588168 1.9157969573591593 3.756302693380263 2.520804728441993 1.5856112844726087 5.3492031839611265 1.4485757033949478 2.9248139315816597 3.578530347470612 1.8702829124379583 5.692807733551928 3.1161913304885633 1.9016599942047139 2.9146623049283136 6.161398621657811 1.340014798465726 4.137394320598469 3.2990188282519792 4.679586438325457 5.110749116219825 4.909174640991147 4.279860437844692 3.872311580521262
    C13 4.223293168476325 5.972890702600276 7.145532209272501 1.9038431272782126 3.5636652610044917 2.6099715668532704 1.4413003946194014 5.499670778726228 1.3283404738840598 2.9807230290568754 3.7535516929689865 2.0617035056955855 5.642347035257368 3.208132912955576 2.0343903192360915 2.7230417694818545 6.228904351644085 1.5183546513769604 4.082516262985327 3.165835879185109 4.87041478039073 4.944237972647251 4.929158720321808 4.171593032628577 3.8362535035359384
    C14 2.37791087645367 1.0229619076347192 2.3795628768863706 3.80572426559708 7.892833206605073 2.7988936662819364 5.145302719600996 2.388331348912751 6.717859578648858 7.800930398794481 3.4284072892885167 4.564885802019835 3.8338585850490774 2.208831940463524 6.34213940850369 6.761517001504862 0.9762978563373055 4.397954333209004 9.44023065586001 5.170318765347054 4.706122122870969 7.009921796689554 1.7965381938519873 4.855772219153691 3.200395800907654
    C15 2.3706715075067946 0.21855872360044404 2.702832998267416 4.231415020467568 8.158048785089692 3.413278903833306 5.524465378166317 3.167606270789784 7.250807268622442 8.499111861097976 4.271043507289321 5.316120186614422 3.4133932458916565 2.8563316894917437 7.05948254202145 7.033332741507858 0.30361089797305646 5.08862225921049 10.035335640504819 5.2836709534147674 5.5539633795136965 6.959388186212926 1.5933950199036144 4.78416431713441 3.2152987384505796
    C16 6.198719160508812 8.219577375191957 9.629407332121005 4.010028500249387 2.119826004666012 5.036667236235267 2.789110954930101 7.995810664890052 1.2449280309505282 3.057718101539268 6.187929698685633 4.37029614350897 7.140340603879375 5.632140548926371 3.3280239088423786 2.2050625274548334 8.525970123379883 3.9594917932076146 2.4252047465406408 4.004775351280838 7.113326556617682 4.827441507779254 6.9982028532486185 5.169190528231216 5.580581752350539
    C17 1.0029889272614512 3.2463433837905065 5.7366280804332614 2.0089303071252824 4.951504329431441 2.544363382161417 2.765673351242564 5.112989863645803 4.846481908614593 6.811514592370927 4.739116082783128 4.478268612238437 1.8099883347641275 2.579126766994264 5.651524266959612 3.869784678581543 3.667048989276486 3.8896902748255453 7.706432195399805 1.9510019321396905 6.330241549667866 3.645338468442971 1.7929501637456604 1.5032353054267233 0.16707367781971103
    C18 4.5191278990947605 5.655445993338864 6.082232735031586 2.6088287157720247 5.35535519826973 2.3026807550162163 2.9905781135426786 4.214994107846547 2.7940097440863525 2.9790916444184132 2.227839086226309 0.3561774096917084 6.298986634898562 2.7569523625873966 1.5027513116522568 4.50433307655176 5.7925636385784705 0.6469096476085624 4.8963953481055835 4.554158763285355 3.1050837200074284 6.534092102569557 5.0043694741577935 5.34310233438025 4.464933741262566
    C19 4.271254954099792 3.9401915570164143 3.091597336853072 4.0008007728625 7.976558091304899 2.675336802557951 5.16715821375064 1.1029331952548862 5.847560479400036 5.999618675744285 0.969474570255855 2.8246968739955762 6.169922341708655 2.3892502211042475 4.5513049809079185 6.933922847041823 3.831634591258348 3.120836797780883 8.06321940830416 6.080298825914241 1.7907580659289102 8.183693005125566 4.192050802074683 6.322103643403901 4.788243558691231
    C20 2.9566224136416968 0.8589384506336706 2.0581002031114664 4.632736097139486 8.660223218180239 3.668651266466221 5.958849723487711 2.779783552326128 7.580127833387671 8.664410210444807 4.163507326533599 5.4131102758695 4.071236802474999 3.0802190332372223 7.201283908872599 7.530508997874787 0.45079298910462356 5.265640779662679 10.311329739184815 5.846920604108203 5.310579691628121 7.578478910199452 2.219317765778257 5.404173972856801 3.802968312838542
    C21 1.8072235693993979 0.8509008708827479 3.763444707959109 4.02449476706683 7.638972062514707 3.5377947540365167 5.200849680518971 4.099319069701885 7.104847480514078 8.626123311854363 4.883538590347013 5.61248032651592 2.3877470535379035 3.0815590504504793 7.245975552249488 6.539026155846093 1.2739746072270037 5.264631364396413 9.954761344747942 4.650778482132457 6.298326243215239 6.137196635526071 0.9846798328768137 3.9819034889589293 2.5762970609605973
    C22 4.311531972627389 6.57005934091959 8.760738057852143 3.058470745633693 1.67544765097192 4.40889966389915 1.9873565871432965 7.6364339768711424 3.225770579900651 5.669305840549528 6.426526528049809 5.135344637638619 4.535853196280993 4.8573153551765715 5.189748120320887 0.8974544898096728 6.970339395651768 4.472020579135884 5.5266636551998065 1.4139681458034903 7.823583630629454 1.8036793673968832 5.138392158409824 2.3830819632928426 3.490963552378939
    C23 0.9174217671316756 1.475198059862378 4.2378169129502625 3.1902215855946454 6.7465337360068265 2.8850101948824958 4.32417541024588 4.156646908205024 6.265426415232053 7.89028756163218 4.546963220982888 5.007695203534305 1.9225835655765109 2.524677360704861 6.551731646254165 5.645145877877925 1.9167124108559466 4.5909808186612056 9.127013817767462 3.7699449571286934 6.058288128701648 5.3404968921949205 0.19374521138243492 3.1678989916464624 1.6883450286572177
    C24 8.284713208251828 9.845819629392459 10.35928370082421 5.976426206065925 5.423129433019836 6.391289281854535 5.265116358436096 8.425897390824819 3.196545117179249 1.343996576854107 6.371476152781435 4.64122160265263 9.6949395318075 6.9404815420454735 2.822965424516071 5.427894386229103 10.03356522535073 4.7182683288711464 1.4851830868950562 6.8865459816479895 6.54485987487414 8.083445137604546 8.95098886277124 8.01940749118476 7.9103564725058515
;

