set P := P0 P1 P2 P3 P4 P5 P6 P7 P8 P9 P10 P11 P12 P13 P14 P15 P16 P17 P18 P19 P20 P21 P22 P23 P24 ;
set C := C0 C1 C2 C3 C4 C5 C6 C7 C8 C9 C10 C11 C12 C13 C14 C15 C16 C17 C18 C19 C20 C21 C22 C23 C24 ;

param: f c :=
    P0 721.6298294362737 44.94006308895237
    P1 1925.3653180748795 303.99635462051987
    P2 2169.075328177434 386.77177563672797
    P3 1226.6380243409233 133.2949816156169
    P4 2008.523516867255 353.6339736386642
    P5 1766.6778420930298 256.36859322625827
    P6 1128.5816323579813 95.17185620996652
    P7 1877.209917301103 310.85803167676477
    P8 1336.7815315755788 133.24676557601117
    P9 2279.0180199913584 411.49670774700695
    P10 2218.0001798692233 426.49345828229673
    P11 633.0777615073616 35.31688605318782
    P12 2157.068159679765 416.027313130905
    P13 2223.4723468407947 418.4502624347962
    P14 2007.3843289178142 384.5276640762845
    P15 1988.7261700660547 363.1378366554277
    P16 1742.12864995984 261.6159973375917
    P17 1936.241736051851 351.8199230183968
    P18 1598.6617262728923 208.35256120744134
    P19 1721.6313251996303 243.37678639084407
    P20 1412.197492632481 158.97258051771564
    P21 2215.095395832263 437.251341865453
    P22 2040.671660178665 409.1520755085579
    P23 1438.9647676914435 185.4031703248945
    P24 1138.5410707500369 107.51248870405821
;

param d :
 demand_0 demand_1 demand_2 demand_3 demand_4 demand_5 demand_6 demand_7 demand_8 demand_9 :=
    C0 8.80331844840823 29.142990465865598 25.84300012390802 20.910585590736886 14.25564209401728 10.602141570690486 27.814788275458792 32.58565250738499 27.572643603372928 18.151650853716667
    C1 12.76075577614021 12.469273440289662 15.537831287098342 22.410916816491877 14.567967719903104 10.247237269317168 34.382865623425786 6.604136497651995 33.50070869960369 28.206609502019877
    C2 21.147204393126348 34.257674421765564 7.111509697395747 10.36782623386941 11.62198026305903 13.823369781906292 5.450420254844691 20.862856637961084 6.41447231876154 27.924718232366427
    C3 27.590244832624755 16.87482700418218 7.358189766663793 13.799520862216156 28.43778487438452 33.898369095184634 19.237559867384267 11.86422699736411 25.274619000682105 12.286886125318269
    C4 23.914607623628726 23.556352902103686 25.482981665774656 16.290065496855973 29.15793879522623 28.945757028146016 20.488111298228468 27.791664500049787 17.877117675795706 13.804094861089787
    C5 21.401131348544762 18.21039892247672 6.856013587207172 16.25134013945052 5.86674006845462 17.84545949794366 16.882428783446628 19.361654223982313 14.165092480068186 24.24546987083216
    C6 33.692783171136625 32.909293735039945 29.97572062820342 30.955517204248537 8.925674909915765 31.440626266233224 26.32901158061643 11.839278361965054 16.02281696018732 27.267844788661073
    C7 26.884572953623135 16.43487250072242 21.134524066606087 28.565513991496626 30.71111979683426 25.818488893652887 34.74910897586406 15.371576926805293 24.566211059814105 19.678556286481253
    C8 30.988962590851923 14.370509241973414 28.138771777281026 27.21680205946362 16.08588999318075 19.218452865768132 8.835564523015275 22.662266059852293 15.156176106579789 5.921152872956129
    C9 18.851751871405824 31.77569594980752 29.22511713092456 21.702571201337232 28.967898876466577 17.03708286605847 31.238564196035 16.57608349615299 9.369259894610268 31.028295047418183
    C10 21.534588592974885 7.708876057116675 11.21424609897632 18.04724039837867 31.27656937716761 27.91426725298283 10.186674649530552 27.576769411330655 10.904279838243855 21.652665333203068
    C11 7.906943322308047 15.208549780030292 14.43164026332338 19.925103428317673 28.498373209865267 23.398193881064415 22.86573176439372 6.442810623616932 31.401634233453226 16.385209191981623
    C12 7.388583669703669 12.836566264680666 17.323687816231896 6.500070391641813 30.628646753773094 16.704305416587495 33.253057232133656 21.62322894119197 8.3421098008626 10.091478635291995
    C13 13.126102331362544 14.406670139039893 26.280698771987517 28.67533760573059 10.529760741537368 8.109689000039936 18.322650178683965 34.21108740992866 33.3339300439244 7.183278999717365
    C14 20.509147833539 24.797198112897693 8.772891111673783 12.863923943451631 17.562019155138877 10.306325468628987 28.567804373189517 24.06674031215987 9.624914884862623 19.241984342104985
    C15 34.85829221559754 8.31937941702831 20.440033505693563 5.43065230999694 26.01795262601758 26.27422913540019 5.4085992122408815 16.054873537287353 26.38775698499206 26.426503288585447
    C16 28.618305972175484 23.410913154803442 12.797160221856945 28.71508917169114 6.62577206829161 7.997441014416548 29.05742025521333 12.941813010272678 18.423482094436725 24.65164390420213
    C17 30.192038936864144 26.671447664299933 16.17165124405038 14.322262476700754 16.894711546441314 16.175278107237574 18.383461043591055 20.4216830823187 28.0925278076381 6.823346421389903
    C18 23.676425483385017 25.385691340397617 6.674340899061319 17.70772044327372 15.020062462311339 34.17236637736563 34.82648068329952 14.292888446431613 23.443298510912804 30.403846442834634
    C19 32.5735017048984 6.757642368559198 19.565243871736154 15.925625597692122 23.247204351504923 20.100814807851354 17.256460441469024 8.702177033964347 27.094369470545395 23.202215757378525
    C20 23.79770294797385 25.62357882731691 6.474551787549227 27.687988976336133 11.86706347585148 33.69635885608219 12.893666666613921 21.724762475799643 34.31451577497724 16.610746151726588
    C21 33.41554789208467 19.332701488141122 22.823521790518758 15.197502196770449 6.610972063799819 21.00226703216477 9.923298278136711 27.535356484180852 25.465162904579557 12.408139219887904
    C22 21.377450545620565 15.839482153891733 24.53982060530778 31.773908293809935 25.8437765982558 20.512085029352725 29.35966970585022 20.10388068652873 23.623700976395565 6.251076442360114
    C23 23.49404498856543 25.90972675280608 14.033982785119166 22.136304479231224 25.258026516175786 16.647347806403076 7.284190687673107 31.35949855742256 29.4679671488604 14.868539358993957
    C24 21.152112621979413 16.444697280784055 9.076602376709886 28.475505103094427 9.807924223447326 6.799058394011695 26.913405830615993 15.860875352527776 7.5460036361404015 24.060249372056553
;

param t : P0 P1 P2 P3 P4 P5 P6 P7 P8 P9 P10 P11 P12 P13 P14 P15 P16 P17 P18 P19 P20 P21 P22 P23 P24 :=
    C0 0.9327584739478691 2.7762573078450266 2.8432234779980132 3.7124470805163705 4.389153170052793 4.673498116905441 4.833415697632909 6.966753468728015 2.7438664956561647 5.179073743759298 3.3636030511704256 5.124456327378163 3.767515115703487 4.637928522859031 4.133630015622446 6.9470495598551905 2.8150737045029355 4.632377802448369 4.610841973031315 5.44928316718873 4.067391882380514 0.6934847842077758 6.506681523028087 5.829563292133787 4.781736670241545
    C1 3.7471586276482576 2.4968816427759237 1.3246976434487001 6.591612516827867 7.249135619854405 6.487795009497308 7.419411637460859 9.863191805503273 3.373492746379727 6.342856044584978 5.678380591117357 6.069271804737855 4.657842914357293 3.618122217894734 4.605976127157126 8.270051976700412 2.1874876411277318 2.334038094980351 3.505458547591198 3.5641195665723147 1.1826892239793958 3.508480239705573 7.20696720190332 8.11609793808362 7.614099082372192
    C2 3.88050063451567 6.022104480562804 7.298511985103925 1.014611577394753 2.2593884815687653 5.992210625406264 4.055234933969061 2.998122719437898 5.201666845480104 7.309427878580489 2.420825313998792 5.395647937647641 6.769498669090507 8.727643032588423 5.681436510208435 8.317305013373474 7.097104495936838 9.092472897542583 8.741957153349098 9.794781695625904 8.470809158578938 4.054302332355924 8.852147776500075 5.5574061179463685 2.651206733316862
    C3 3.6721947845846308 6.402095945083874 7.140595213570046 0.7785576016600032 1.2182247149055359 5.105189518747915 3.027320327096084 2.5592012637960555 5.692527924050134 6.485325572044594 3.188786754860757 6.2683115816635055 6.130823498514162 8.31266153593884 6.373574043664105 7.363661116404429 6.813164910241712 8.919171407097995 8.343811809531982 9.493246106315155 8.497606050295554 3.8853363038896447 8.017003874421029 4.521176336173482 1.5927717534101489
    C4 2.518365077941673 1.1966733127940814 3.4284277583260203 4.465204074876079 5.551949914697073 6.399528463288894 6.3449589132288775 7.783191135370999 1.0417295129346902 6.873671136567534 2.995741160447154 3.6676178981735874 5.383408945301348 5.671754634901067 2.4740777940869942 8.668300716923907 3.822070456219934 4.998111324564383 5.606017898673752 6.097200075776394 3.840241445811646 2.324203426057794 8.14505638170279 7.465115016136352 6.001714270639411
    C5 4.64319574882678 8.215284616678307 7.51658426104755 3.534825371658816 1.9802895911302862 3.1044855636623065 0.8069301830947733 3.58769066589696 7.8039388517980015 4.574678576354351 5.996936156772877 9.074867512385243 5.064528578772692 7.763610628821817 8.835212843663745 4.749195237588256 6.857526404499219 9.07346051301741 7.847371146840036 9.21080251923997 9.2558463128493 4.881585227638259 5.9110321133677655 1.5804555457638871 1.5552399207494008
    C6 4.467846744065631 7.068331168035176 7.937254152168881 1.5053729726397553 1.7105937662974304 5.709900211983557 3.4548818332696656 1.8578873673979417 6.30575196556408 7.13103086137024 3.6168134128534146 6.604962118430521 6.873383293262073 9.102299341713998 6.86845954568537 7.8764258612510005 7.613124560660619 9.717562331535813 9.13549170468289 10.292026206108877 9.272603207501811 4.678187104415634 8.647099854848294 4.891433710547697 1.920681391716343
    C7 3.462241194994076 6.436649528023789 3.957323111395277 5.471537423556571 4.873967650045289 1.637064819979366 3.772374388500129 7.624481371411713 6.619880685027487 1.3012799071884809 6.675989412422841 8.986435457849623 0.6065794845402434 3.354446353846991 8.030248080263503 3.1901803527727255 3.0777136193923074 5.046049598593676 3.459857520303715 4.865953021178009 5.816019579639314 3.5202577014878362 2.638003122736681 3.6265938789821672 4.92111787257299
    C8 2.6065097601357574 3.0278698148563574 0.9053998682611342 5.594847633645142 6.048007888880823 5.0750173546763735 6.059954312420933 8.763624023565992 3.596646253665821 5.00927907787899 5.191236095870212 6.314388377970994 3.3367498129722737 3.0122507443714492 5.006122035239518 6.930075462538259 1.1809383309441364 2.693685296355011 2.946183206021577 3.5649678788138117 2.3983585312258904 2.3917078029477343 5.997932036497714 6.704754427928973 6.376933065239507
    C9 3.627647083157379 6.551274743958022 3.988966151290956 5.654314540125066 5.046633134282131 1.7111201882173637 3.916164912496429 7.788955874250436 6.754785833235395 1.1956441546225298 6.850916706538941 9.140866688898214 0.5646110764190803 3.27240872091339 8.169652780452205 3.1089568731553325 3.100135773015091 5.018390486077985 3.3828286293889986 4.791673891854368 5.840555691213795 3.68006805085081 2.4767383700442855 3.7147019849666627 5.0870532391631205
    C10 5.508487164936172 7.13424321415652 3.63541660685817 8.150722063247468 7.799273689152416 4.491908449669475 6.785698888615887 10.597681463617437 7.7069531671471845 3.26105128673633 8.759253494570387 10.393623616274997 2.5109475431898804 1.3883975649482314 9.12684074826443 4.744790715494091 2.9444532925716183 3.4938884555030376 1.5303353374507764 2.598791565574957 4.999077719223893 5.439937584765037 3.048681145255738 6.484967265896145 7.8937875479571975
    C11 4.461703185542504 3.1084831888296365 1.5021236782905008 7.3471934186926795 7.956207667082786 6.922184802535738 8.03239931797613 10.603381430906829 4.046537367369742 6.624019211275808 6.445872133082976 6.689476805999788 4.949300444682271 3.4522678942109994 5.194338253266469 8.543788200728471 2.3974805624962094 1.7809247530687788 3.321302291716207 3.088262246869968 0.4327562926696826 4.227418340028117 7.344217212312433 8.64055168603809 8.30717024342166
    C12 5.802776861940611 7.883612725708389 4.506528073563991 8.184834844343484 7.628957178263431 3.97113296885867 6.405960843415885 10.351949069187524 8.363436681260666 2.5678332628008964 9.096100928845896 10.986646398626386 2.4293969395742914 2.4292203098924423 9.79931368632075 3.7833801442577606 3.7166107837058977 4.5609528843524565 2.5763706108862863 3.68125538606811 6.005549624412975 5.778436688462209 2.0148238950707085 5.885396654438642 7.657146582011288
    C13 5.514427967589865 5.2697392851352465 2.1043168675453368 8.523574778609653 8.761099946452287 6.64269505229274 8.365254520807486 11.565191322549001 6.1348914191947435 5.879731320509618 8.169387381071976 8.843113090136818 4.410829184291245 1.9027154704067306 7.377415642805886 7.667121697665004 2.3784128579514934 0.4600549127011898 1.7561091959376771 0.8707626139991478 2.1900415997229876 5.326265929036631 6.145065500989926 8.588583192131344 9.018888891028746
    C14 4.113627117503798 4.620748094593773 6.957878080269566 2.7620361037847236 4.32117385796961 7.407172476842614 5.970921522158553 5.17852250168096 3.6377037329284962 8.498492275603363 0.878808381431643 3.117805755746108 7.5392464703576945 8.871320678433602 3.6628894320821552 9.842428162818166 7.048417001764649 8.678887744410932 8.846679687279801 9.634332970752896 7.65573387104014 4.166093989059791 10.014175173710196 7.457295368780882 4.778742393248768
    C15 4.4096572809870604 7.742921982406209 7.649455567154307 2.489621693356491 1.008049849386489 4.083515763521768 1.6071284505349392 2.4323537449204378 7.1898873855270775 5.568497037201473 5.021106180264435 8.123576594627737 5.7275649289506 8.283790926045587 8.06632823417659 5.999565448431234 7.113020446425226 9.32767098181555 8.347751315249031 9.646009291087482 9.259456032435919 4.652929721986308 7.003679632372806 2.8891667333042403 0.5457713551979017
    C16 2.0604818235059956 5.258906614857265 3.4508797317042808 4.253346310996385 3.946129911239415 2.184121391585436 3.337490929553552 6.779685865960639 5.32781920819234 2.621497533141101 5.275576934750271 7.607525640107161 1.5273178447028026 3.7638003171234917 6.711243834876628 4.364241770587815 2.725698135150596 4.93358842373247 3.823007857923514 5.125758479179474 5.276099935768248 2.13411128312405 4.041309315113392 3.7700888527222265 4.111028026461936
    C17 4.573274455093472 6.640885229226187 3.369872566384502 7.096235847410996 6.695874337995905 3.4370367943502167 5.681779979751791 9.48885538762168 7.095113947256971 2.3444036375898953 7.860094138408559 9.711349248693079 1.4017414398982895 1.728238930751386 8.532319709632262 4.059232532683918 2.5238272812439773 3.784706916612465 1.8671475260601065 3.2310597756023944 5.018630372930191 4.5343219222455575 2.6052767311869065 5.443436348874064 6.784465879920281
    C18 3.6443456661267133 7.276109516804523 6.368368270310761 3.26486571731667 1.938871474007232 2.1875850617697528 0.36302730148831036 4.328948678620345 6.957920075323881 3.6718890090232312 5.505686118016721 8.494789834085857 3.9535034355617364 6.623048270148921 8.090461423553165 4.247532320511895 5.6983442729315 7.913029368912005 6.703250784280142 8.058685463636008 8.12601498883083 3.8733651263270916 5.11804006508008 1.5155505698492087 1.7447618027391978
    C19 3.7036897367961377 6.188954305486233 3.2951019056314372 6.099038473437672 5.674907020149815 2.5924830456753267 4.703009832984767 8.471484043668694 6.517861173190616 1.8529479698018438 6.995592419061571 9.038868960980958 0.39071205261405034 2.390749076623731 7.953518840413265 3.760647637173327 2.3927926564687025 4.172858938942079 2.5002189258958345 3.9089897699044296 5.108000797394558 3.697919030182298 2.721367605871134 4.5917967677089635 5.76809093099083
    C20 0.8812359943092113 4.476496558137779 3.698264857679727 3.088316414874737 3.160402429044373 3.0816296133369963 3.201411868228873 5.957529214807225 4.338800600945622 3.8661798017917084 3.9557635962305193 6.409068111063574 2.834762747061383 4.698893027657093 5.645378767317455 5.463534383514778 3.233420672654354 5.412017205888801 4.726003574896053 5.885136515537579 5.325133305025376 1.0554724205251989 5.337278494913846 4.126014302060682 3.4549451823898103
    C21 4.570299997085473 8.169756386157703 7.362804493765651 3.644585805355047 2.1103820186311877 2.8511840266670045 0.6703369944141485 3.845661778014571 7.789047694115706 4.317272622600106 6.07205569343214 9.13479203678523 4.840363500596382 7.551480430369789 8.851571245933892 4.492653581009307 6.686094542170721 8.896912454963005 7.6377286624419725 9.00782874285841 9.119305953820954 4.8055976459242515 5.648440431522701 1.33541266923797 1.7162892021333962
    C22 4.688092679825007 5.23501986260548 1.683148126900877 7.659985693473617 7.75128296965509 5.435948861838109 7.232995604864393 10.579516126275896 5.965890794236327 4.673842986563448 7.615413287492602 8.70457139690335 3.1994337194917004 0.8554841968151954 7.318974123705475 6.485071836088922 1.475334833627218 1.3415480235356059 0.7162762027425597 1.2439983300335469 2.757499242930659 4.530953324456569 5.025932463231903 7.393881777802937 7.976445109848122
    C23 5.738068444468203 9.382571977980735 7.966576001002882 5.347106531416298 3.840351821404433 2.6477060124159024 2.128888307756904 5.321803361139311 9.134376667205787 3.7977370678284608 7.701850364779875 10.714148088940682 4.8912954299776175 7.625468963091824 10.301385806466248 3.250364408724345 7.172767480907423 9.285175147158014 7.73685145613718 9.14564251795177 9.809893035515374 5.9502826399699185 4.780820953304899 0.7918169619457204 3.4558969733426
    C24 1.7829981649757212 4.031807863927489 5.083678689934029 1.608438864108824 2.796222658164777 5.024326314239791 4.001772516566365 4.934662542092532 3.3936618505294684 6.053825947105267 1.7531839034770944 4.616775960232812 5.106201109356951 6.6807820652571674 4.302199692336339 7.467951456842162 4.955841031928957 6.8757289970458055 6.6777803819785975 7.640567891279478 6.236019721450389 1.9061477038469146 7.563565589292706 5.382248112962968 3.2726966714806016
;

