set P := P0 P1 P2 P3 P4 P5 P6 P7 P8 P9 P10 P11 P12 P13 P14 P15 P16 P17 P18 P19 P20 P21 P22 P23 P24 ;
set C := C0 C1 C2 C3 C4 C5 C6 C7 C8 C9 C10 C11 C12 C13 C14 C15 C16 C17 C18 C19 C20 C21 C22 C23 C24 ;

param: f c :=
    P0 3491.580749232423 1017.834796028297
    P1 3858.5058962552866 1335.3408146965417
    P2 3895.378955549432 1334.9871753280956
    P3 1307.7872509665299 138.22799453045587
    P4 4087.6559275127447 1518.0152758906308
    P5 2795.048313480573 662.787158725549
    P6 1464.4023960155323 183.97937877551777
    P7 3395.3768141773908 1072.4277959679857
    P8 1542.9505435454453 220.1566527750481
    P9 3405.132609618222 1044.793033672873
    P10 1570.5141567754927 209.74420075681223
    P11 3611.327454537808 1206.5955235219685
    P12 1412.7824614735107 181.48530259508888
    P13 2951.0863524854185 711.6865699029079
    P14 2050.5647200514945 365.7838113184849
    P15 3607.534810883025 1044.305854161915
    P16 2150.406462869828 393.8492730838132
    P17 3452.1820482085204 973.6936556110945
    P18 3003.232836052749 764.9704274766879
    P19 2969.746100901693 716.7024444078393
    P20 1961.251826309728 315.47217723316516
    P21 3566.661462362444 1194.964571688634
    P22 2200.701433586128 430.7661559898728
    P23 2406.44876847005 519.7003350047935
    P24 1250.3987660849891 125.2268563477524
;

param d :
 demand_0 demand_1 demand_2 demand_3 demand_4 demand_5 demand_6 demand_7 demand_8 demand_9 :=
    C0 8.591028368555431 26.688621526437572 25.810589886304435 20.272274512862722 17.22371743160201 17.622137613586 28.768956655603738 21.849789681218155 28.52228153062814 28.31655836113849
    C1 26.74332914678831 33.248004141953345 8.495379406141396 10.502116926664215 11.358822487387236 23.734517076473367 30.70503909761853 34.84075629511504 17.1869279273999 16.96011473420294
    C2 17.46532721445086 23.197050005636644 8.863593435253794 22.16124514686473 24.354067304947062 29.242101768225726 33.59865445832692 11.843310636280574 27.89315805406619 9.468561166659175
    C3 5.092223260316534 20.175577658686557 28.40920288410864 19.561583688790712 23.43525634494215 31.087399746593537 31.71619032108241 23.201932211309078 21.33501269144286 22.628336354259453
    C4 23.631743121174146 7.2050465435107895 5.539064989725921 30.422951464042846 8.72411378921576 24.703136003705485 8.250646036480646 14.773342610183333 9.398368023517483 28.194345528798408
    C5 11.411052955335693 18.53875807114385 6.2647556388038295 17.734206787433916 8.074242174705656 29.908465568579413 30.175591285601623 24.876299709618113 24.827558308699402 30.49290616267128
    C6 16.03714539328425 15.055738017937841 10.78815718177611 21.84112585577762 16.116884749725585 24.25247958406658 29.21232241824991 32.2358004067395 7.804921817094275 13.157043671468186
    C7 28.76247607450021 17.54806937502577 34.70774785922187 32.07253585962857 25.73323332383495 27.78483933217317 11.69083728516809 24.505687634042303 21.518418501861515 31.969817066318257
    C8 9.017789040330934 7.766742241788057 20.607696894914806 23.635359975142464 5.541625307280283 27.380570336377204 28.415843428960194 31.955656994148793 22.187398309624815 30.63910768094378
    C9 6.738351302501248 33.01333629410331 11.095466247496475 34.51759633224282 29.66770590413166 25.277258458348946 28.28806340003983 20.606255711284962 15.341522710083037 29.975898852770598
    C10 14.33683565341489 25.86251245722525 16.717692180983047 29.941746129941134 20.22198417072955 27.83253199932778 17.89623783622954 24.717775411248006 23.910584987581704 9.927363800648745
    C11 7.12738062631643 30.71831838728351 31.53618803786354 13.712024707271905 34.795715040965774 30.626064864442256 21.917454129423668 21.83459872536634 32.70384263155193 27.569985365212265
    C12 8.695209369996546 13.818451493245165 7.651392404326564 33.89387176342498 22.42530875821722 7.689640497226576 33.818840966566434 5.524978228502997 11.498963165640777 5.029345379735528
    C13 20.77884256227802 20.590407297634712 31.137055925146385 8.474857041709148 6.945197836299208 20.666372544068288 6.643175648410415 29.56318959167674 21.853821832372784 25.03149014388198
    C14 28.156022408983453 17.217437909692762 5.818085682306613 14.120185873589028 13.680488084054979 9.355431467726364 23.666536070334374 13.541042840781866 29.262264168103144 20.41695820560637
    C15 13.605085114133983 27.414359534424566 9.619754482412656 21.63592152408339 22.222624834279276 28.50592278678279 5.688820106541211 5.09216716079059 7.947583348753664 23.011773241461732
    C16 21.17687984382588 29.887492217161345 18.668862597498162 28.814341096835555 33.04884784276186 22.378387462518848 21.737256379346 15.340486606960116 29.91842553444305 32.220170621253644
    C17 11.77532260820631 23.914338727575732 14.611346410284018 34.554406951538475 26.439583076990438 24.10331017194729 9.650024488119879 17.22416532500447 31.468606325771855 16.678588627861057
    C18 16.910064040844553 28.34055329681162 27.354838895690467 28.407297922835316 18.59323814330118 22.0628360468598 24.20718411752209 24.907486539588557 27.994730142568038 34.953304765034666
    C19 19.32040654337785 15.12475436277285 7.998372380313281 15.278278432437833 12.657320406190848 9.407955556441948 18.715444899452837 34.44794151390856 29.21697397422149 8.503518365407796
    C20 30.141956886584193 19.7712658946795 10.265244640617365 12.122770207424507 29.21974550908827 21.960196145536894 17.531109744088923 32.06745520870605 14.41084047515102 34.38951643480077
    C21 22.596712516090342 16.864896512479227 11.558122244632298 30.88501051078143 17.085651998866805 13.832225059257453 31.748224801686476 21.9880351297573 15.105574722694032 16.61562297580376
    C22 27.695635630994932 18.061137489889834 31.924808772027504 32.38172826549892 22.935510957128173 28.16898506144547 24.25807865902543 18.024446295501228 32.7147797682334 11.061760203925534
    C23 17.21837070465965 28.72195737296875 15.67386017413111 27.099743536202208 22.183621367165944 31.62015228932946 10.21743873118085 5.898196820002537 8.605578076525898 7.436423153053605
    C24 10.118020657065454 6.3907520888759 29.521930388315045 20.858238742462234 33.27772847398276 22.084446017172247 11.47720559898803 29.13755786023402 30.299235178241332 10.799986827592642
;

param t : P0 P1 P2 P3 P4 P5 P6 P7 P8 P9 P10 P11 P12 P13 P14 P15 P16 P17 P18 P19 P20 P21 P22 P23 P24 :=
    C0 10.125096452280992 3.7489187884646515 0.8689468420630199 3.361446850205641 6.22117017943763 6.802035415297389 7.108620419487285 7.740942114564043 1.252501410409233 0.9625479744177825 3.0078210743511047 2.748281281742039 6.423017180834647 4.70360904762547 4.703669706869945 1.0938382356982213 10.111157108584909 1.4521856890720817 10.52256902035963 7.5455041702196315 6.848274465456335 6.4383428723675875 5.47645245663488 6.0487554640368675 4.872289324340989
    C1 3.1445371392714616 5.709279436748107 7.800496800329567 5.4161238857667096 2.4605737423827896 6.233296631582782 1.7447149543393246 3.321462788401144 9.537243245301104 8.772404628771 9.003096935107362 5.831621433927515 2.854623684849175 4.305564690785618 3.942307676944132 9.559609653390101 2.2073086212183313 9.788498672975656 2.9681476622416603 7.918289503940276 2.1196524313196337 8.962053035348154 3.420034224897907 6.750674248348529 6.2425686035054975
    C2 5.948697636347284 3.9979619577986547 5.0467162017769205 3.228236129453712 0.8788091538698637 6.242549063641791 2.7103549386455725 4.597335152355945 6.773988272552021 5.683063344361566 6.920056763771695 2.8792414792276166 3.0282983418884744 2.9114807971737164 2.1657489504339447 6.706953825692042 5.373138477792167 6.7303051507733365 6.030250903000862 7.872789515245675 1.280880610230641 8.181960650208746 2.5173412528901347 6.277578040734286 3.08121677304283
    C3 6.348129181816686 3.0364606610798166 3.9529887658276115 2.183704976806794 1.674660477676528 5.657386688800864 3.0422787609607314 4.577782398811773 5.689561840559363 4.7070424822086405 5.8258023646489026 1.8129446188958234 2.9410803981074785 2.194018335717562 1.4693519024003387 5.640887424000959 5.9730112319441435 5.739753110726483 6.547600663258427 7.202037707304891 2.2879634733002305 7.30795255385631 2.1419381409869773 5.5453717233565945 3.0112473405476474
    C4 8.856302961041374 5.302306956045564 4.6067071004922955 4.326819667001481 3.780860836322677 8.32505123005037 5.595542733692389 7.340812903710865 5.977383225785815 4.2953824528146445 7.144189615348552 2.9132836387461793 5.708678946826097 4.883011111249661 4.221739452321926 5.741519114550323 8.245359401278451 5.278884746397823 8.925443417400551 9.761071860317196 3.98235134240867 9.531566151138305 4.9404562385036135 8.067038398628323 0.2225065806065171
    C5 8.123931238561791 5.9163899662794925 7.874207476882811 6.8908836003517475 9.12723947075971 3.305189019974803 7.92627079616239 6.222676461533049 8.320567102132177 9.51714391860171 5.886491688764874 8.400609689620394 6.8924493062090715 6.558789592579158 7.310244646869906 8.698531467306355 9.151358083106203 9.782486300827651 8.85976553287794 1.5972625965657197 9.712422356894088 2.214973256087587 6.977940194818255 3.1845102204232107 11.434801701127126
    C6 2.8324164455596703 5.363432177574912 7.572980214888242 5.137269261810989 2.4428438751634367 5.7493392388786555 1.3505155098574093 2.8250553526636653 9.297812402940323 8.620774395874388 8.659102369675766 5.673560504825726 2.4313396661602744 3.967867834652663 3.6713395050779587 9.339394822526087 2.0615629713846775 9.621363422087066 2.761013493862632 7.429894488500622 2.2414759189326574 8.501691256380967 3.0771648486631804 6.285430904862118 6.337961603120254
    C7 3.602702194409696 3.1035240347253406 5.947942855859292 3.527763125255735 3.787984543780887 2.3441629084377236 2.3123961823754575 1.0343004972482903 7.434217317756545 7.449816150780057 6.0602726001383616 4.876955308785536 1.3789859202837296 2.2659965771820496 2.7279142029921917 7.613397222979726 4.11622638172963 8.259423017659888 4.19177392536765 4.039318768776575 4.254393704033635 5.1435461119452075 1.954478472712996 2.9208010068252817 7.107513143724286
    C8 5.16715054106462 3.1319059580274766 4.798559774756208 2.5563298950172593 0.9365211521492534 5.083870925767281 1.859912630186663 3.514900871707234 6.542973776507815 5.762485657119027 6.285709180121905 2.8159119752120128 1.899750379601767 1.8683770058881723 1.188745728705864 6.5477725543215515 4.807783143590106 6.770085409558596 5.367994465508317 6.731926401167553 1.6410654735240189 7.151108941154217 1.3496038862563422 5.168879535504302 4.033522409137584
    C9 8.224041498876923 2.1589004269384455 2.9723577832726775 2.8867881145952023 6.223703207837169 3.5803371156654573 6.062806839467877 5.655883358467486 3.5608452383219227 4.601550511237606 1.4855778894231246 4.001239335090902 5.008690560228307 3.5303790432429043 4.102640903159032 3.8973747171834083 8.655313685003428 4.9207894569003505 8.806316511508657 3.948543980993269 6.9294668673804 2.829235007465006 4.386695503492077 2.6600311186779315 7.116957739296595
    C10 10.604753903098166 4.020932984106102 1.9739636521737847 4.087160009109959 7.412986909898533 6.418728663240713 7.915166306902352 8.077914213460183 0.9013448051288137 2.680007240710847 1.6016174910095065 4.133900343933916 7.037592001490349 5.309211939823589 5.560092846394099 1.3141068099271478 10.808102890843468 2.4550486894103094 11.100976503375751 6.745864618022982 8.092572614399636 5.276883720240038 6.182880425723728 5.518448412188897 6.673085249931431
    C11 6.856444065845812 2.050723563716887 4.1910961409247784 3.023740886199187 5.777509795041262 1.9751255112033044 5.153008609912629 4.319934703851867 5.095183443959709 5.878856158701381 3.0723612446152115 4.507201447199051 4.038837063074744 2.9983897503294217 3.723267789070237 5.40142463582579 7.431310422319494 6.352376362402947 7.485884499199015 2.6078516431828724 6.448385433509991 2.2985371233921255 3.684425342103337 1.0815621363751862 7.5683219256706105
    C12 6.092580480997832 0.5052228159697552 3.306132345611191 1.0613489946613817 3.6920720421842574 3.1207246474811843 3.526205122235721 3.6067365511607026 4.813233103830123 4.849985231464563 3.7864628361934445 2.624714869460562 2.5444361289021917 0.9437762968867651 1.5757401220085425 4.97579184089462 6.304176023069195 5.622629211002035 6.578884129545331 4.481198526271842 4.388627910670209 4.488131164459898 1.8108744097787928 2.788247755461511 5.502169421326246
    C13 8.909962114457194 6.209631030453524 5.767366541895561 5.245551899996189 3.895045294280188 9.054417513487948 5.785763308118978 7.702700998782667 7.1537935451788 5.4553038924959685 8.272452800704356 3.958404363847092 6.1138993770441346 5.587394434814631 4.868351507171265 6.915057015725539 8.149302001816668 6.4206860942655295 8.881513859604947 10.57171049050998 3.88406481073978 10.492101998914443 5.474152170220927 8.894354899389063 1.0524624570681285
    C14 9.0737187523738 5.207102843958042 4.314274105808135 4.233976413234999 4.017861526949583 8.303146328852513 5.78970893446555 7.468072422239396 5.632582684662425 3.9214706235879433 6.8855512818987545 2.754530560966852 5.831499335112813 4.894184171968231 4.266854250825044 5.38538186673844 8.505009087663858 4.894257018993013 9.169435326567502 9.696783511956966 4.269726391639657 9.38881225767192 5.022900413695627 7.999703994620949 0.48344491618827046
    C15 8.21930330849867 3.3370367086550203 2.5939378830201227 2.3864537720853587 3.5801486695923472 6.549380428008499 4.940390165685671 6.226009464808674 4.173376651842372 2.861601191400349 5.030460626184187 0.8317386153856217 4.635080799394585 3.3109365265088875 2.85263275407643 4.028371732719951 7.909147628708712 3.9138416211554934 8.46156088223473 7.848323088249922 4.112289593623619 7.452212631063785 3.701880517189901 6.153982125889739 2.3413305126959254
    C16 5.950721558836066 5.6218572597259335 6.671256146518822 4.897278873061603 1.6675391183803732 7.513414105293784 3.230186514229491 5.31337968840792 8.375799211345559 7.1401602611224675 8.59999029109387 4.488703959314193 4.000747495555293 4.419619881433123 3.7135223439178375 8.279026545908721 5.059909037858384 8.19323212907425 5.823985709545649 9.19941434037253 1.1268512271165037 9.702780546910635 3.8256273900957627 7.690036714311854 3.658814357646067
    C17 5.957690363975044 5.848031969608817 6.91064254290429 5.131697272603983 1.8625295742199093 7.6876882050194615 3.3400186497690094 5.423289227879429 8.613808556922235 7.368284176226938 8.837734787663717 4.727940090933007 4.153798827206709 4.632187156479451 3.9328923387034025 8.515188119597562 5.027172004629399 8.42115471815695 5.801388145143324 9.37884424378049 1.2727803612191388 9.910313343373273 4.018255441071145 7.883523497868437 3.8201447656557415
    C18 7.597038694631496 6.331602443565258 6.669614691074264 5.457049794244698 2.955077779037269 8.704728430237106 4.7543799102715525 6.8112282198237075 8.248614169839874 6.737944761234443 8.937386894261532 4.572489378926089 5.364731207394506 5.361639995958381 4.6100050390230844 8.074280441566039 6.6977723503574484 7.763533145453251 7.467494324569326 10.339279797473091 2.652762488323908 10.591112299263596 4.971700538292932 8.737533078415709 2.588783868731598
    C19 8.331918183995123 5.31660302667071 4.994129401362938 4.3529948932083045 3.256586943362074 8.1850133851371 5.119658060231377 6.95881458270159 6.4651392487167865 4.86169371140998 7.444825387892839 3.094908208717182 5.345430835261251 4.717777786151486 4.010005365800834 6.256849970681482 7.664021920922228 5.871150974922379 8.36382285052968 9.688009401209825 3.3800394747981906 9.600216708351333 4.652957664378631 8.007503288243296 0.7692947979356566
    C20 6.789183383311798 4.581037633000677 5.128008164579997 3.7104077691138704 1.7203843537136307 7.0681197338327495 3.601373809847781 5.51262653009644 6.794020232065014 5.487945124601095 7.255456293537094 2.9602392965146334 3.9395176298703527 3.6576418268024873 2.9062340537320996 6.672335621272634 6.131570665485352 6.540251009723162 6.823444663533919 8.666048065014389 1.8638516872759803 8.84799023422998 3.377267044447469 7.036328913559288 2.266247101092007
    C21 7.762962401361088 3.8899465543072114 3.6849338099858904 2.918126783568446 2.8248477874092575 6.8821955123024345 4.455336780296485 6.0365902993031995 5.2797416141512645 3.898030307954819 6.033090185685243 1.6542295333432944 4.400527008852411 3.447529164893019 2.808568581793127 5.1287350708805 7.3003496075371075 4.9493722377203335 7.918484136432914 8.323455476414313 3.242115319646893 8.156467492779116 3.5694531666267566 6.631471193662492 1.6656252811807333
    C22 2.698386756207563 4.020417448504955 6.617635215421375 4.087521223538493 2.8445080866555146 3.9109379794950456 0.9879975987906873 1.1067530467382032 8.255459911243467 7.923890770094554 7.24041972223832 5.075720049221694 1.0186755650920376 2.757994605393459 2.806051453696758 8.368027687257486 2.7927596621255972 8.84271873460572 3.090793917903932 5.590942964622899 3.1055428154785947 6.70346824278302 1.975083238777887 4.480549450758171 6.644341753850106
    C23 6.768861680130866 1.7080977005214562 3.928479980074045 2.6812802780659455 5.4754494869023755 2.1163017023153987 4.92203047583751 4.212459140889447 4.9172140935575985 5.616773393681058 3.015674185479143 4.169826397365898 3.814749196294145 2.689214880037495 3.4047233762320332 5.207494831715219 7.290720732316517 6.127674418866808 7.379850887823185 2.9118393459752703 6.15243164116373 2.6271350223104135 3.4053540733987466 1.3097217212472556 7.226373561637126
    C24 1.2854160636762189 5.3938259236274 8.164764190996417 5.659224794774071 4.524998374526684 4.128890265259011 2.6362769776107573 1.3166745374164965 9.722146851758623 9.567519447195528 8.402963784240088 6.787933707930262 2.6946240830938386 4.319647879678529 4.5097002626681135 9.876496748015052 2.156223842112453 10.443373601205382 1.9557814679356889 5.575299767398328 4.653672139588147 7.099545605420019 3.6553972753408024 4.963078394888994 8.398602985705711
;

