set P := P0 P1 P2 P3 P4 P5 P6 P7 P8 P9 P10 P11 P12 P13 P14 P15 P16 P17 P18 P19 P20 P21 P22 P23 P24 ;
set C := C0 C1 C2 C3 C4 C5 C6 C7 C8 C9 C10 C11 C12 C13 C14 C15 C16 C17 C18 C19 C20 C21 C22 C23 C24 ;

param: f c :=
    P0 1286.6024752877024 35.28163349481115
    P1 1257.0595867355767 32.88184506636837
    P2 2830.4081094998205 179.23943176126676
    P3 3243.387077018971 227.5950634186533
    P4 1542.1044456104635 52.15045325045479
    P5 1155.877956403953 27.917592518267412
    P6 2952.046773618775 182.26712781426642
    P7 2487.009931606528 139.68594934163633
    P8 2431.4268586175913 125.89136996774417
    P9 3100.148219260131 211.72941641812247
    P10 3372.4971695667377 231.4874245478902
    P11 2176.9521399621663 110.39631532380311
    P12 2372.580125249257 129.4535315021822
    P13 3054.311157427189 179.42940742296267
    P14 2290.390095038058 122.92258819197244
    P15 2526.517818867191 130.87758458519292
    P16 3273.6047041379875 239.53974580223996
    P17 3264.811307833979 214.8181201129563
    P18 2836.9549506073745 172.02343939286177
    P19 2380.724547375694 106.2310766289201
    P20 2798.5361956892407 153.66448657804278
    P21 3233.2276858318833 219.9494412695201
    P22 2753.22892748232 182.83138365775574
    P23 2695.9725568147096 175.68601642266103
    P24 2923.137409001871 173.08313559906992
;

param d :
 demand_0 demand_1 demand_2 demand_3 demand_4 demand_5 demand_6 demand_7 demand_8 demand_9 :=
    C0 16.301258815559574 25.891289470284534 33.51194463283581 30.94687368382405 10.546695457100236 30.543503184557423 10.6422095317395 24.719541590162613 32.76907580871213 9.664738474241553
    C1 34.43428385485936 10.852765299627631 17.81333193468569 24.50932809310427 29.386038117276556 6.050158385472814 13.991276887674294 29.61524624632912 10.27194116856359 8.791050793827356
    C2 14.99433640078505 30.68756659656987 30.24980273132538 13.25648120768372 5.592391653462469 34.39785304472978 29.978834140720874 23.148340768525692 26.84982244868098 16.36401993801313
    C3 29.836540829412556 16.813173613843222 32.7795601017024 24.595864216637228 21.681804914205408 20.184449322203825 33.72268784065723 17.590594177298502 14.196486604696597 27.062671244301622
    C4 11.318392570630447 8.927020502854564 7.881431957092251 16.019691678494755 21.092503692986345 15.906789220782255 23.064331610218574 9.604742299696875 29.640297473996466 6.585938763270148
    C5 26.97974307859679 27.56799439890924 34.22476279896701 8.600011568507767 29.36588776039056 21.33281450828981 11.481199024271175 34.77346974338235 19.68855800379974 26.76257818323228
    C6 29.31255956554526 22.411510392842164 10.388986381529985 7.479109716873963 19.656897872075064 17.69153981889108 15.771954866661662 18.00881394273234 20.86880356421326 34.234995403174466
    C7 26.012222409783057 29.152153593478342 6.574163463118711 19.676553228812516 20.567033477979287 33.35685454118834 8.854763447293132 5.777295894328733 26.01366607222514 26.225072468264734
    C8 6.576989126911277 30.494291618744008 34.40830279486667 25.06376629512275 22.541646183799607 5.002566929534914 23.669382279071588 23.108217399008055 30.96195048436449 12.47334882875127
    C9 30.96295687020691 26.287625947015137 24.502934144098866 20.29245493373313 26.412473727500647 14.017999331541267 7.23078978430821 7.3257379092556 21.54626695909812 23.261089716459157
    C10 10.370606971557166 18.725975004129257 22.80177170794191 5.69080283943947 28.70203077458605 33.38643847684441 12.64902113244111 8.738636716783828 23.22400832900393 26.203602878254635
    C11 19.625139548047365 9.910834039112347 34.09180920166559 22.189457264695168 8.722679857948767 20.58329215003986 16.453469391860573 8.299703974421153 31.897107298962013 10.49313577390313
    C12 16.7542359156389 9.126828784171579 23.80917639789367 22.178916963822772 27.589645730137175 28.484054720415955 32.10979800596521 21.45106354507385 10.122422498016741 34.587388266772344
    C13 34.53168626465175 25.87866577858665 17.119819874689206 13.211744210211748 33.97043131111168 24.774727344684838 17.001781267538906 6.978780775373616 33.39530916926404 28.95406696245055
    C14 24.777509327018937 13.732447079692351 6.01978483471331 27.360778844629206 31.928068947194383 18.34760862734654 7.497622283862637 24.20532466969806 16.686899925918688 20.066877369616847
    C15 30.45554738324729 9.344686465658175 12.225662633026715 28.830311430889143 10.419925196916632 22.312144076178107 12.625381799755768 15.884584540705097 15.35518664257638 13.274689231652689
    C16 34.73189644997548 11.544094190975674 19.658776812856555 10.432897817483516 22.97307819766161 25.85304483315409 17.760300920948232 15.00552045808828 27.238914149510535 17.832952481641172
    C17 21.438287286226206 27.45147552989164 25.639523177479685 19.525744318951855 10.398126692769823 20.679987798061177 25.835461126992985 13.197590070887571 34.0400085126044 33.250310283556615
    C18 15.12230442965868 27.05956689668551 33.63666091244377 24.33789946945093 21.641653056569293 34.580585657834376 21.07712958837216 31.065661117009228 20.950464133546877 31.441631300109314
    C19 25.336960585435094 5.273975438377061 24.58390900757914 18.009694359830767 29.01538915506663 15.56351377207908 7.116741380744022 11.772964061866727 22.83850935444708 29.42069751667174
    C20 34.709428999194614 26.778725353510964 16.26114922222118 22.142692981340684 8.691359096574 21.14628460494958 26.980246961727666 5.295899979311269 30.48890048324717 14.155622937299738
    C21 27.731425551629673 22.270462908286117 25.753845495990802 7.983237652159253 8.864479715022673 11.295185168369926 34.86077807093855 16.314679454151957 19.30585606224316 30.737644229890915
    C22 16.731892840226713 25.349534180499443 28.85975629182217 6.9049490348476485 11.186897006476036 7.97027394085012 25.904088015609506 34.06320457657253 8.82716609367602 33.42363945521299
    C23 20.83533303292571 34.654525635785774 24.75556554413091 32.26641569932039 9.836307858188656 29.592898870572945 10.778822611520804 16.358970541905506 5.284924064574764 17.1954435342353
    C24 13.491196099452093 9.428163776521933 28.33192433349947 28.85674481187263 21.874886287024722 12.113010668024558 16.164267785171155 8.150081883981883 20.406962569033205 14.382107372264326
;

param t : P0 P1 P2 P3 P4 P5 P6 P7 P8 P9 P10 P11 P12 P13 P14 P15 P16 P17 P18 P19 P20 P21 P22 P23 P24 :=
    C0 3.6429037940091646 5.198110792044321 10.20499219492181 8.160876796847953 0.33636598014608055 8.70072091153189 2.2582909577536907 8.02790949645386 8.664044044988263 2.523474929601141 6.922634547140365 2.3433057291378354 4.076413489535845 7.625418835792591 4.577344271958676 7.885951371494287 2.4410367754508613 4.6863190420493614 7.624540112336204 1.0852590441124208 5.2420126258187025 6.167178691453054 0.9575660200815335 4.372343360323482 4.112828959041207
    C1 7.133368804258988 5.153716896558683 2.080376253836297 5.826548138517701 8.46103611712783 2.478083170085191 9.429061699783638 3.4281548716406416 4.120337657888698 9.601873405933791 1.7189111001468358 7.143889744712565 4.65081606521598 2.126927088355072 3.6090160526683013 7.625441438411425 6.229841616870591 4.374587635986371 4.930102558793902 7.179387667290024 3.2555999237208284 7.001441663125383 8.693475171435317 6.599035744062385 5.473682865955674
    C2 5.369321396156614 7.283679645982431 4.332459282472184 2.2704722756009788 8.251926001966346 1.547015714324432 8.322908943122844 6.759122403953809 0.8275040856228354 8.408134021686585 2.3490470020734384 6.0324550629766405 3.8532134407424246 1.4764293393015813 3.9957902946574517 4.228382818242213 6.943497345056418 3.2304944222974656 1.4532153214425956 6.830757235918652 5.022643685182127 9.354074943051542 8.738146378784702 4.555881242116685 3.971095616944787
    C3 0.10014557819432107 6.759926113225115 8.94242658685114 4.965461330206972 3.8215533788777045 6.685255338071185 2.9777146674461035 8.551388785420253 6.027246518864825 3.014794720297973 5.526990459937302 1.231476499610103 2.6045744178672843 5.7905011754526114 3.976219964624473 4.357796343398387 4.447745300664254 2.8049629887315772 4.670637152880864 2.7620538466060673 5.48575428004149 8.44321984707178 4.507457884877352 0.977408804347573 1.7092184801279435
    C4 7.305274450466884 3.185239696292421 3.9101663748965465 7.403131406390445 7.533317661671871 4.566138447270738 8.967751866868623 1.4541852007960139 6.018989381903577 9.182470823169837 3.0078013163098993 6.911389341339263 4.7399733438178195 3.890160808868282 3.3443922925518015 8.909687678379136 4.989710794028351 4.761169300029202 6.462257998849106 6.471093849519721 2.040925296491724 4.85718401806856 7.596848652428346 7.013212804724382 5.763592626877222
    C5 6.024804868056258 0.7866147012584976 7.138579404140247 8.329096124836838 4.649700250522063 6.8394425398842795 6.551619168048266 3.7169844042033646 7.713662853447673 6.803629483219891 4.814075191462755 5.089700323049535 4.08569593865649 5.823104281127335 3.0364225146297668 9.147874559323023 2.0255337430499485 4.542862412248781 7.458107867746778 4.016433903117756 1.9808412678477374 2.6285095720709495 4.518595783783131 6.160786364816948 5.033109352603978
    C6 3.2687662120880696 3.5225205400825703 7.233573910525046 6.146269249691415 3.2884633113991226 5.856316275254717 4.436017306995353 5.554525215087205 6.113185371309005 4.6491429293404645 3.9832045458862897 2.47897190874904 1.6217131399932008 4.763102641168998 1.610344288880903 6.591772461201144 1.7128711808625365 2.2358183170467316 5.399327186538839 2.00565907716537 2.5106469332412393 5.30591609438261 3.6018162582172852 3.4103633856668862 2.3631394735454627
    C7 7.558854809123929 0.8649159291599511 7.633388446607054 9.72125978988462 5.799344358012696 7.845179627247434 7.8630854238955 3.411837191600701 8.921327914737432 8.122679782989149 5.890510047310861 6.58211016194255 5.603818752768569 6.910798597833451 4.458843818965328 10.646109892733842 3.3390011035877687 6.0283371966026875 8.823957988962196 5.399391760865831 3.097730329785949 1.2385400019862327 5.521310046933471 7.704885030321727 6.569686375774611
    C8 7.494337485898499 3.7788469398530684 3.317802075187755 7.197620480181115 7.978538272766827 4.153944824733607 9.319776032806178 1.7337897251832712 5.692988814853947 9.52605625663839 2.7966347395084052 7.196546770494395 4.914608511350106 3.583797913572146 3.569843176379414 8.804729089499691 5.480880792950698 4.858796110339901 6.26409730397326 6.862477546882355 2.4620314673654087 5.441041133989391 8.075980440162189 7.137262079301239 5.904767599896835
    C9 6.234328359466598 1.4683410996880304 5.680082812617272 7.606477739925844 5.736879218716213 5.610603329114429 7.382202696648962 2.54119113501324 6.691473028224605 7.616269100448506 3.647666718969249 5.559133862213917 3.879868695812439 4.66779844630986 2.5245061607239268 8.723822450256879 3.1228442303181043 4.156877581283258 6.687374093781411 4.82418873258936 0.932104185123471 3.4810098154698332 5.731462067780438 6.160197994002883 4.926312656721691
    C10 3.6505820811644707 7.979737248029412 6.724528932723114 1.2315499793486298 7.256212074306071 3.971763537681135 6.723782448176953 8.356375366436678 2.6419334068389873 6.746689508816073 4.029714319160352 4.696627881959674 3.434024684798909 3.5809413156785967 4.385720983454933 2.011052140881586 6.749568479426241 2.8748126325058774 1.097835978876234 5.9179124407833905 5.894159839904352 10.014980596082717 7.865970883674111 2.7710706078582787 2.8760890691819396
    C11 7.729273356287358 2.0025061605256007 5.44057956356446 8.657865685568177 7.115165086513176 6.107348199801265 8.860429073926671 1.2066965927991498 7.459929889700703 9.099189390767599 4.37744688915911 7.0740387854262305 5.309732187156987 5.339099031890042 3.905361755190902 9.968256436309344 4.471297451701602 5.511608842263999 7.718480868263354 6.296512079039643 2.2774337331592163 3.32337095262147 7.031638481420275 7.612011981634784 6.363955350387517
    C12 1.8930409805172137 6.179138970603571 7.045433787238258 3.466434071372401 5.03145193461658 4.719627606044962 4.815371029051482 7.280730874051331 4.142387075303235 4.89561177801171 3.6919118066713463 2.574185451076172 1.4223407370633012 3.8464701838981723 2.7531674003324964 3.685070014476498 4.566079678609975 1.1619324497448007 2.9338667804628376 3.666218040654572 4.386774844994706 8.119951552881993 5.620312046917069 1.209712627275283 0.612454473681429
    C13 4.082134021349907 9.58014370007341 8.424655080862042 2.0135530257236023 7.985458706839481 5.629625744571168 6.9354941828552485 10.166062019155294 4.0547290520992165 6.8876533435394265 5.86040193536416 5.3568716948278645 4.862197742807069 5.372336736206599 6.0190778920618975 0.20860436304122987 8.015362563097662 4.411427038152512 2.6400773066565852 6.797276332927796 7.5954172013386785 11.56676867511311 8.656810480569558 3.3348205648150024 4.032761297672898
    C14 3.523909939797712 5.508720986217039 10.3915368605924 8.139158141466268 0.4080494502382406 8.817642881559797 1.9412889133799294 8.311201301115121 8.718420497639697 2.2064267912532305 7.077606120641464 2.2538643678994235 4.168133918250666 7.750665024998238 4.756166278522751 7.782452340827871 2.7439182217099423 4.762990383628693 7.634822926221086 1.1952156435115049 5.490954387664716 6.487976493597037 1.1157100159804774 4.2892584818392585 4.12336523203643
    C15 6.890977845085695 5.890579910810865 1.9960351841383825 5.004661174724223 8.666085370760397 1.516445567861358 9.410950498179647 4.388983658827208 3.1998320210824978 9.562475344500568 1.4624526863299105 7.078601761809252 4.560198425518029 1.3769516035927354 3.771865554721085 6.894272136717017 6.626878502445707 4.167024761069282 4.14473649579712 7.319762603793473 3.8195990391133616 7.815606831062451 8.968919821530578 6.265971444036349 5.242187040141964
    C16 0.9507060564021386 7.513604703127362 8.864912731711167 4.177583320305168 4.856056021409172 6.406259177911265 3.812464865388447 9.014648952912006 5.501991030569062 3.7984781162327637 5.550536860991324 2.2671336626066623 2.990662696805671 5.628508022280854 4.4128396456881545 3.3469214433495136 5.370354960665205 2.9675562335079118 4.03835862673181 3.78768439893409 6.012472277013259 9.291815064615333 5.544773104541207 0.6885206732762257 1.9427473545047522
    C17 8.43505182083666 6.909497945990118 0.4864351151483707 6.057773637448709 10.166077588883047 2.320859372126928 10.967560798836175 4.732106669903108 4.04505083405202 11.120695879542836 3.0198250733962806 8.637310458595858 6.118500484982095 2.778109002906853 5.27173493839984 8.074225189463425 8.01571455709902 5.723330406763819 5.300836571108881 8.841234256955616 5.063046773626797 8.673241152682095 10.436539489508338 7.786586668590614 6.792572588857561
    C18 1.3355834372745679 5.717434240506419 7.629828681800896 4.456620300723157 4.031249948028228 5.504749745685863 3.9231097886592687 7.249753040119128 5.093469209793557 4.030391173888702 4.195992176982227 1.6129965822674701 1.2467734605432694 4.544911396580629 2.6483818179887884 4.463998001741139 3.7748944338287513 1.4685468005040745 3.932862083298334 2.6769129856677005 4.214625046706607 7.550433429689139 4.626911547953922 1.17603323115443 0.4488022778719365
    C19 4.992853617175443 8.571901972875954 6.046315951137235 0.4881404630922476 8.484155297176732 3.2506224279584375 8.067167287584748 8.443366509600821 1.5877076319775405 8.096550246270795 3.9913126268997505 5.981100199536991 4.386762225220025 3.244080491223878 5.03999704312039 2.5690065123010837 7.7105011312248815 3.7634145419887206 0.6140941263316133 7.109379483123936 6.3648794607894255 10.643290309455807 9.06526656048351 4.112942986207159 4.047724008891664
    C20 3.1913392476495255 7.110695202137869 11.333221926441276 8.058130332185021 1.9821672172861926 9.43095987007267 0.29036661665432506 9.757703391933681 9.017462708164391 0.5410002923298545 7.913565252277723 2.3535626083735135 4.827467298399334 8.426364934854266 5.773462593367502 7.273246781660215 4.333407600466535 5.313130681049357 7.734093726064067 2.3947174341015107 6.801117889789889 8.169405863552374 2.5757141437432947 4.069331707620195 4.403234164686946
    C21 3.2719305040010878 3.794723040456842 8.285590641932911 6.914980767079663 2.2341870047177235 6.906972739603124 3.6393913518435688 6.2823741989414925 7.074518991863656 3.876797024985975 5.050439943773609 2.143511318851462 2.465877892223264 5.816568752406059 2.676298490605497 7.096055811967337 1.2326369573309106 3.105538508028359 6.238279298002407 1.0809494825507706 3.364254840814686 5.271712495013402 2.536496202646105 3.673732035045523 2.9036927584297016
    C22 4.861115371830723 2.249382477384902 6.023363760232746 6.633544425225892 4.7022930704072134 5.279617626700271 6.138575493204421 3.8127723227974277 6.033190926503674 6.36142832988467 3.2456496282502316 4.2103868602901775 2.566764910654062 4.222418210566684 1.3475471722739518 7.546561934338789 2.2896114250311266 2.929165146226798 5.755515336240849 3.619289460186177 0.8169918077989374 4.292354413086426 4.827937015610674 4.8111312937866595 3.594489141753397
    C23 1.9653708094169584 5.204695571813865 8.845496036990326 6.2831999073755815 2.1993671799195136 7.0514186444943325 2.569402080345589 7.476491544479414 6.85504168052211 2.761832611559951 5.439391441031712 0.715720415821694 2.390421683540644 6.011597148892168 3.285417052338715 6.08962842329766 2.648055460973101 2.942197135655522 5.759221009104163 0.9012221898865569 4.432616691345216 6.705770898830218 2.8095680049308713 2.564916659309904 2.246877891458759
    C24 2.7982578937172087 5.977799816215265 6.1491349774539215 3.0864356047453323 5.649393892258605 3.8182458715932266 5.65512937519999 6.695307850724454 3.3703425672794167 5.750945835845897 2.839319455697971 3.3534364947074584 1.4391265503553035 2.938508449031753 2.3974757045669257 3.8290783888952284 4.7726422250334535 0.8454112838318407 2.3692321514556096 4.240321676702407 3.977665252916678 7.996765114875308 6.185617564244357 2.101232742502493 1.2923870421404906
;

