set P := P0 P1 P2 P3 P4 P5 P6 P7 P8 P9 P10 P11 P12 P13 P14 P15 P16 P17 P18 P19 P20 P21 P22 P23 P24 ;
set C := C0 C1 C2 C3 C4 C5 C6 C7 C8 C9 C10 C11 C12 C13 C14 C15 C16 C17 C18 C19 C20 C21 C22 C23 C24 ;

param: f c :=
    P0 4150.872783700478 1509.9270780147876
    P1 3240.7253989878377 963.5748704666664
    P2 2777.833942972827 695.6123318756414
    P3 4043.2170841777915 1366.3592485340419
    P4 1997.3645612510325 372.5857844148763
    P5 4043.9085956293 1380.1728426214825
    P6 2390.869069577066 459.29368824004644
    P7 2893.9691184513567 779.8004977790536
    P8 4193.057438452558 1571.256110178499
    P9 1919.9995877151969 305.06329729703054
    P10 2563.8317142100195 651.9140896601934
    P11 3736.7946907388446 1176.1067001726624
    P12 4043.0545170810938 1580.9486953764792
    P13 2332.0364368739215 498.5426334469688
    P14 2907.969060781813 677.2089450345165
    P15 3893.62322523342 1499.6877723966284
    P16 2549.359645320229 528.8728392046593
    P17 4107.298924187431 1596.5443723018973
    P18 4293.325858373775 1530.4854154375037
    P19 3533.70857468483 1075.9977297238452
    P20 3441.0171754725593 975.2818166697024
    P21 2296.770847726082 471.71856082199355
    P22 4056.997537946308 1445.8909335443357
    P23 3979.256269752115 1511.437955671431
    P24 3773.738660878026 1324.8670248278672
;

param d :
 demand_0 demand_1 demand_2 demand_3 demand_4 demand_5 demand_6 demand_7 demand_8 demand_9 :=
    C0 15.190081279836857 21.099637328265793 11.235729376675678 11.92427365516932 12.910119425045284 7.523380123897181 8.524134327872018 14.334047118002145 30.03361494075753 19.165644122167272
    C1 12.08999540181835 23.758161722113467 6.521230103894667 29.845304214947753 30.264405749446354 20.364349664192318 13.865531377939313 29.6198183397686 30.450184643669672 30.71739046369221
    C2 21.049340016898782 30.160479764502274 33.113138537346 18.70754170259808 27.256221519681567 16.81149170444551 9.405741599737052 7.539061678502335 20.870059989282844 16.790823948381664
    C3 29.248875088847623 11.859153911904306 25.87635654567205 15.675767749074918 29.63533884493389 15.850115059415522 11.493264314345371 23.02355399077243 17.17003368466856 32.93579915049675
    C4 23.116216553318523 24.874560820798806 11.570525583410703 32.09280094159294 7.006425027569102 14.095900859209937 17.328069805830253 25.48094847357264 16.215861509771162 22.839417035189435
    C5 11.47841678571002 9.664611829629447 8.936016365271321 7.878614130118169 16.612981198403695 13.608191708952841 9.123363029875266 12.910091479257451 26.56303918370817 20.0836926063093
    C6 21.42466693649205 12.558860649618623 26.508185589069132 21.118072172458085 9.866070781089906 27.89201195163039 29.862459467093046 11.030395901137355 16.093848019145526 33.86825393294393
    C7 16.263131337312565 13.322729232626694 19.9408106563632 8.960575036981359 22.02467264558968 12.642071537785924 15.305680023321138 15.165064291283027 19.00713446252689 6.907464213127198
    C8 33.27814522860345 19.61824074105985 30.514594598941716 7.131129879605842 29.04375319226854 24.680812590459976 24.63638079646347 12.182658215022435 26.832926211596497 11.258652189212611
    C9 20.255609581309898 13.362833705879824 8.815763450142574 5.687532794124174 11.090721772362137 18.229258127207828 25.86279019427927 9.019337084926384 32.48412810783735 13.410715936081072
    C10 22.456533867029517 11.34267547677657 31.27431558889942 9.856973809898275 8.555463273778457 17.944555370103473 12.996651606300352 33.97081269973643 21.911464558945486 7.372359598521112
    C11 31.976440587426328 8.950372842972296 12.310977661519654 22.946448644174378 19.60543632820072 34.39089697517764 9.539167382138636 34.679717037469175 13.056889735023562 15.297726456571526
    C12 29.111174682318683 27.479182227012725 26.5355699942924 17.47131720542227 20.03261634466285 25.545734310039034 25.375334064965042 33.41704103222483 14.924755125358558 16.098172669587882
    C13 13.283329158656038 20.747018847116674 6.242865003312634 31.503811809335946 16.00677469503793 23.139774822490715 30.504510740914515 34.223249470739646 18.60594229430928 21.064592830331925
    C14 33.84334785090414 8.291187152126204 28.305382823788534 25.57363166919653 21.715401385306887 10.656935434925497 24.086966563675777 10.599769776082802 22.604795480990337 32.24776186225995
    C15 14.329752221606515 17.643805438415278 8.919283264131423 27.268890606022072 16.05723208982624 11.741591893334586 33.64879340811613 15.968998968611011 31.84743472648084 22.18059577018926
    C16 6.602613327806413 33.6045894674715 7.806111518575701 19.090293787093007 30.237156842131323 17.50496790046764 21.014028281335275 6.72809571728196 28.924628941051154 32.75879103811944
    C17 7.879234476855901 15.797046328471822 15.063954417333576 16.343603253034306 30.243038155819278 5.256084196783793 19.789769340115086 20.948862560655968 13.047534910234589 33.10539497844697
    C18 20.417408974044495 23.07330408182893 6.411044986655858 23.243553796606502 32.22233527748053 24.416696936902046 34.589860423084765 11.747385392827372 28.162660511450785 32.51195094136061
    C19 10.04364074521865 10.888492547221656 12.603969662459093 30.818018155892993 18.81513728664369 16.307864450054204 33.51113029284254 12.82226136682224 32.0446334591925 14.19048492045229
    C20 27.619782643788767 5.306236447347608 10.911243558575027 9.773640613713926 27.594287666010768 18.608460170724854 23.53097753929036 11.069206435091163 24.071834981926578 7.626150805078286
    C21 9.875407293711413 8.795989767250258 25.4654579574677 27.472225492250914 31.727742114792623 8.884273137117033 27.19715884836942 29.457095720187084 33.40968322739788 15.25071468622195
    C22 6.619230175979195 23.81908336314255 29.74635363909031 20.92657787013868 16.494941391170293 10.068299111427441 32.90915468504218 29.267504369361173 15.814778275874481 27.81253465989998
    C23 21.535995203350062 5.391372992302628 15.333030458222476 8.579949053551045 26.012786267847094 9.04068896930811 9.42556723344401 12.226568924832716 12.197874956560014 22.878336416765013
    C24 23.451257190379245 6.083470426658658 28.791415824339712 28.55474584456644 32.89584662459157 31.46192599103376 12.203062413116145 7.360567384899963 16.121564782630873 14.692895141212798
;

param t : P0 P1 P2 P3 P4 P5 P6 P7 P8 P9 P10 P11 P12 P13 P14 P15 P16 P17 P18 P19 P20 P21 P22 P23 P24 :=
    C0 6.137375713802125 5.78756905423565 9.312052856391004 5.564577518356215 3.867955969516074 5.35337382626442 6.103594496318746 2.3463098682601538 8.481538175276956 2.449002828672117 1.7532865584203938 9.447937902091697 1.6980153511148068 7.342472369948422 7.57061219087289 6.286124525345872 3.0223335625674492 8.007349652912307 4.376510974785451 3.7360567674729213 2.342809425202251 6.932804150840316 9.974067537396747 9.751764139907223 1.4377899601682873
    C1 7.4138929907330855 6.0280350032323895 1.954291842547349 3.954610062451196 8.115805647042126 7.610550131846898 6.418949830893696 7.812502683401064 1.5495719298263233 8.522220752492592 8.838896492001902 0.315340375735153 8.37520233947826 3.8197792784962243 6.096989189133781 4.1640162059314285 6.788060652093887 2.087389365855749 5.1981665919514395 7.604740352774129 7.154893440020843 3.212248936730053 0.5527619266622403 1.801930936795371 10.657572316231912
    C2 5.7708534846153405 6.508030725170451 3.536160131505481 3.624562025967515 8.170967879080067 8.000320905891641 6.993977250880462 7.471053443835287 2.7014455735648712 7.417389699714198 8.451145471858476 1.5091063865732819 7.4426013395002855 2.145689129301381 4.322349291380919 2.775966805020383 5.854197461931125 3.0190735174343057 4.831300393104668 7.614041004021747 6.49748932061637 1.9048331462125172 2.2992663528987873 3.5173414205113147 10.073906623051553
    C3 8.171094569685646 7.750847075175679 3.354459721379037 5.569817446671915 9.838257162482853 9.336130786347521 8.129275261557979 9.46668571110112 3.2489874999815123 9.839963913486457 10.485612255735152 1.6508864179666336 9.798623520701472 4.579435539003857 6.552618096480728 5.24010135592862 8.201273460529956 3.8026294876872138 6.8241872708575855 9.321676120488688 8.701473053654766 4.336271801988565 1.5398760181192594 3.010623307565683 12.249173372417603
    C4 8.54911874040596 6.850130032428265 2.2135576653539917 5.11765768129263 9.086912015787394 8.440575436083526 7.178856593440228 8.91934764255606 2.38700258785052 9.74693416285354 9.949953056945517 1.3945776758003778 9.589648077308015 4.926934385713835 7.120837426633192 5.360109636928544 8.006082657062043 2.9498596233540115 6.3437703657475915 8.600618611890535 8.3371103233994 4.410044102297473 0.7057234998820159 1.816470105342699 11.808080456376484
    C5 7.5757551919142285 5.3473310027841725 9.482413306491122 6.037463576225747 2.995768008014455 4.517762938784298 5.531341573501854 2.187061824933123 8.780382511725783 3.9655630043168975 1.159801564485289 9.972746588289139 3.1311457954626865 8.338124505739907 8.869125588395665 7.256745241621845 4.1242893104458735 8.258008719429276 4.783686564848223 3.0931532695245014 3.0940875541312534 7.767472397914112 10.403950915768899 9.949450200319014 0.9795057830326487
    C6 4.293232310834751 4.1550109973397245 6.071395022197706 2.1715095244869302 4.052537229795273 4.803194488348769 4.691210092523214 2.622649348918427 5.123343542316644 2.808356880443925 3.438430827251984 5.900679398847165 2.436474777942423 3.953645199426008 4.902708624268691 2.87063269455953 0.9678000057796481 4.723930868554 1.3617009467412775 3.514555940639666 1.3094779032099586 3.38626098651428 6.473315668390468 6.464061892296552 4.874217660765109
    C7 9.836122015741738 4.229701636651042 1.7960661540918141 4.698106670975653 6.769449378277704 5.648538571281736 4.302041555835133 7.341887231248185 2.6189514687095308 9.54788921738545 8.304729973628062 4.046859701823843 9.047743231938922 6.7185433285844685 9.0603975886935 6.500499655963523 7.710950694611603 2.52901250203164 5.448331937799482 6.443702586908714 7.452604705958786 5.724379005006599 3.5891026308076874 2.0358251762156025 10.331006676765996
    C8 3.453141435893561 6.458796460133939 5.234381975920067 3.121723496208757 7.416703692067912 7.6923404349228806 7.016257895208104 6.264716386722702 4.186558154994824 5.33104199320682 7.122548647510437 3.721199717061865 5.5313679478016855 0.2843676652155148 2.3287060516968765 0.8168024043591248 4.037361814667687 4.205147584419048 3.9298531797957574 6.844046217349094 4.972349302749679 1.0228182145741285 4.508717133010868 5.384741392310199 8.446918204030913
    C9 3.919248539854236 7.847200289722621 5.844402450892603 4.540272103732975 8.929535920685778 9.147764786875785 8.39307309435206 7.784268886223514 4.9009418429997575 6.574224938492729 8.629117518271292 3.8807927421090858 6.889320179339444 1.2839313234758127 2.1238425589567917 2.3371851530696914 5.468399429034879 5.077624604153974 5.435552826140423 8.356296024980068 6.4645476584221395 2.268106341122733 4.660106247997944 5.873257625786534 9.886273374578666
    C10 9.192470158028016 2.4099865472617443 2.873063890289532 3.8108911232706877 4.951014846534339 3.8028744337853393 2.455876542683203 5.680142247386288 3.0916241317706867 8.277120756770714 6.597030842776919 4.829732313271523 7.667915332024186 6.572724633580541 8.7814876000861 6.0669636384324575 6.499593493448163 2.6697950782303352 4.189494131652107 4.659306396439243 6.022365337443308 5.493787714166373 4.6454573208894185 3.3082231556619273 8.62729018550461
    C11 8.033176292661604 8.118141322813647 3.8234047948670797 5.788019386667251 10.142596279743461 9.696791792932544 8.513765049873056 9.693921170384902 3.6408079675174716 9.886696513717961 10.704639880510074 1.9556348752182153 9.891878951998995 4.494124504368526 6.344418565161978 5.239587507631405 8.297574593176565 4.182312044712843 7.040732555115676 9.616072669730858 8.861291156713984 4.372203516091201 1.9896006004207245 3.496108140651779 12.425940956261671
    C12 7.7832379950315485 2.9255705091844653 1.9138128925395756 2.531124611789419 5.259844991530644 4.515234219135687 3.263500640624668 5.448945191792439 1.628892414989957 7.385146310539406 6.459068867299825 3.3656511084417677 6.916000296550644 4.958975628309042 7.214088616512258 4.536134971332987 5.543880195261921 1.1087772208914262 3.309707276580294 4.822893010429499 5.356334895510883 3.890595807709948 3.3582691638639672 2.398027056645502 8.448897969881553
    C13 6.626404212056126 5.57500394971484 9.327533287026709 5.671179000107525 3.498939816699185 5.011228010921429 5.850185286542723 2.1540167408826965 8.540051423052663 2.968792223624578 1.3736346187048778 9.59128782925848 2.1716742366553654 7.656456465621348 8.004055521969962 6.586894625877095 3.35462002867036 8.046744806369906 4.446670503938322 3.433348253255704 2.508542554128386 7.183581120616419 10.084305435322054 9.778241603152523 1.0752891378454237
    C14 5.55518775241868 3.3864475155412412 6.464332603302596 2.80606556187529 2.698466156782458 3.649126418593745 3.8470929950909167 1.2460837366663173 5.655521911676868 3.167852189473936 2.1683958515586594 6.742280826944398 2.4266117293302676 5.276982760609484 6.298414646533489 4.2022640900332755 1.7908542116112414 5.167969091962997 1.564628325412246 2.192675276335575 0.7787835183566673 4.585159093836503 7.208559098817664 6.907339748682974 3.9002443547594403
    C15 1.6497232462240947 9.861873321228071 9.520276316003985 6.763959643918715 9.888959124315434 10.696422735430762 10.425917423016624 8.227919415322521 8.46796561378176 5.273298282320691 8.682401018813358 7.875980531587732 6.052588626630795 4.36589136260422 2.0635903663684823 4.491699673625159 5.452020840413683 8.44806167163162 6.950155744305965 9.379921542679737 6.677822584197082 5.261170701551752 8.67272980667659 9.66494279793989 9.099549918046925
    C16 3.6493482172636327 4.968656599722807 6.795315351294199 2.909200124541942 4.60006396687218 5.505498795194486 5.493881191087377 2.9721410317881185 5.80990772089026 2.0474119755278406 3.5990964424018186 6.423656183259069 1.8759404601941991 4.026758742883603 4.544117568588502 2.9738781255691045 0.29405525784180914 5.447972637443631 2.21041485689122 4.0996249036823516 1.4366525476065017 3.67650675755983 7.0489707651853015 7.167167105243648 4.708746348411233
    C17 3.837056749643125 8.746586227679106 6.746602059515135 5.421353605807391 9.721552701131008 10.011608007242396 9.297355223110628 8.4860917499337 5.8251462098805735 6.924632670365769 9.282832690982204 4.709705188195386 7.343539892237897 2.1311303838768367 1.8730047899892637 3.0975956205537574 6.024627039651328 6.0166267631699055 6.246253406834582 9.150312005972863 7.098557184552721 3.1762995818095234 5.468085504289951 6.751144364276721 10.413186052652598
    C18 4.712892342057902 8.444599562861029 5.935391886592543 5.202213502065783 9.68229580016937 9.809439696774456 8.975754502972066 8.609284371159646 5.089478665600239 7.4796870844989 9.477269293374695 3.7987274866465577 7.791706378397642 2.0882422596608015 2.8106304113659046 3.169876791036668 6.35673043944117 5.355333916807509 6.185814017987043 9.108899949935864 7.32631450778965 2.9239168094325514 4.524627804561064 5.889656322024317 10.774942738511932
    C19 0.6451672181850981 8.677772047937651 8.522330500432112 5.604565678242457 8.736626600001472 9.51738761876884 9.241503959052718 7.10482825064779 7.456663686262277 4.3661106185848 7.610540677010346 7.022382020214113 5.070779408908633 3.4592672413751964 1.476228039418022 3.4102375579086353 4.325016872080138 7.395398022750443 5.7651763818778266 8.220194307839124 5.554819968989531 4.2446618956257804 7.816736241168444 8.700449528684947 8.175454539904315
    C20 7.670857257095952 2.2974824085614265 6.733194508626628 3.9617137762945287 0.6310909520284015 1.719224745868587 2.49186212104762 1.4141384746658836 6.200949781876606 5.0065229512779705 2.0215575833794426 7.650723503436331 4.130504165536099 7.015682337705448 8.322505413480744 5.9931724806839535 3.897434682088253 5.643343566533123 2.869689245277392 0.07868233441238022 2.7408841474881127 6.149615344888598 7.930879214404179 7.215616383725924 4.007436252626771
    C21 5.042415320536243 4.552802415127833 3.5336901745849048 1.3755755688058855 5.94462248138944 5.928863806211671 5.089696099556922 5.200010984251495 2.4632368402311235 5.580153078129198 6.187563360981052 2.8497490252897677 5.4327988821658675 2.1598006255550595 4.354291001514984 1.696719754450882 3.8414797844875754 2.305512477987181 2.557770030555906 5.379852034754508 4.302590221957379 1.0746759959471586 3.4730872695295627 3.808994100918067 7.866325440330149
    C22 10.485662919017622 3.2466229505290323 3.5455893762057586 5.104356868967017 5.676719399379236 4.318344363027444 3.075321627743695 6.672897734352759 4.061621166838468 9.484794882491473 7.519631221047279 5.717867559953622 8.835623419173174 7.8010897346478885 10.042837835227356 7.339949145463155 7.736345800134234 3.740138113624467 5.435240993301353 5.488837702119475 7.180854724552461 6.7312058208863315 5.386131892196831 3.8853086432797705 9.532144921933257
    C23 6.630658901944217 8.220935980800025 4.6211589413730625 5.395884980796508 9.943354260384712 9.738983184572735 8.68663209025464 9.219800637144807 4.068705039200128 8.869071708441986 10.18727130179675 2.380218217141992 8.99928864571382 3.280192920719437 4.844670171053711 4.207317390906406 7.439683259603097 4.510409157026545 6.592408110059962 9.386964848980973 8.181881695118392 3.4948735614442175 2.889197582180223 4.4287777226297145 11.751447157319788
    C24 1.2632658756545943 7.367884953914734 8.184998140973086 4.682187916499939 7.07008417954332 8.00078966952159 7.912874862960649 5.3613741663613546 7.116159342531445 2.5109084797596575 5.786460975461397 7.134747055465105 3.1970041344647737 3.7786145512268914 2.8719750087224307 3.171340746428358 2.613482609833283 6.915614667664254 4.472512293322086 6.5862587511319255 3.8187952639829215 4.123088743279823 7.887970866589919 8.457068679257542 6.303835577294335
;

