set P := P0 P1 P2 P3 P4 P5 P6 P7 P8 P9 P10 P11 P12 P13 P14 P15 P16 P17 P18 P19 P20 P21 P22 P23 P24 ;
set C := C0 C1 C2 C3 C4 C5 C6 C7 C8 C9 C10 C11 C12 C13 C14 C15 C16 C17 C18 C19 C20 C21 C22 C23 C24 ;

param: f c :=
    P0 3747.2155274607508 300.0687154622352
    P1 3587.778430953304 277.3383708904797
    P2 2030.0146767656358 73.19312179946101
    P3 2867.0061926031713 186.7430013260471
    P4 3776.681100408255 286.86061741443524
    P5 3575.6317831422703 284.60423962491905
    P6 2869.266982182572 170.48049899059632
    P7 3528.8677649358197 287.8870500297051
    P8 3098.7009054174177 221.95248377979644
    P9 3686.609761180971 284.82918551505776
    P10 1991.3890054458875 81.15399050971153
    P11 3506.4563476322105 264.3672086678122
    P12 2656.072373663135 142.25271292059486
    P13 3265.1773595465793 244.09514803432327
    P14 2710.0556589667717 171.697454607984
    P15 3063.342224230046 210.49992139796475
    P16 3584.9761078695055 284.98184717693766
    P17 3798.44881581086 309.0425224803336
    P18 3876.895326418178 293.9152866855083
    P19 3278.983358683254 245.0127602230418
    P20 3429.419754411026 250.38909078201007
    P21 1905.935301460379 73.10993879508092
    P22 2685.653966629094 156.46273934413833
    P23 2114.5445056859053 94.3496479855182
    P24 2956.7362270512945 185.64499282397952
;

param d :
 demand_0 demand_1 demand_2 demand_3 demand_4 demand_5 demand_6 demand_7 demand_8 demand_9 :=
    C0 27.28241844792457 27.453148794441034 20.066100546855736 14.495972189481892 9.549042938220289 27.808493566066012 27.907277475934283 28.252123760884057 7.701428041843942 10.801753672355076
    C1 6.4998985833547165 12.493200202355988 20.556948073006215 11.995143726767775 14.532383378402434 6.213424886079739 8.292058303394533 8.562558650030196 30.881025630607603 16.880890024129762
    C2 32.48992351238178 21.726689365745376 20.25723716599203 10.549595829624801 27.72352516610336 13.17834062290861 14.801498561086625 18.060332326044247 18.39540514799004 31.18904525705304
    C3 34.27993906262685 10.453637055356003 22.403318268607993 32.638457007260946 26.033942680410814 21.032980796322445 21.688160569347527 8.879035312915935 29.76147050269352 5.115465370215207
    C4 7.218017307165546 5.64392045752329 14.917808699252507 19.224959012621664 17.06669581664906 30.52974355767284 6.754629251986014 13.88582892533481 17.18753812941779 23.95424910927115
    C5 30.651732396219018 30.714650367780337 13.128863676926105 28.8437120997525 18.076749349615813 26.13117438306045 14.279116613154518 10.40877799208307 23.282310946448472 14.799123810890267
    C6 30.8886158818854 9.489605533557079 5.624286786714081 9.800539220582362 18.898170590782552 9.711017622999623 14.167841095494463 23.315450208092333 34.302926871098485 10.383812920038281
    C7 19.541937773976038 8.389606187272179 9.986303227467326 15.760781742760253 26.60604651548654 29.567661428980426 9.00695648130141 26.44577047157928 13.330552408553801 12.328153748727422
    C8 25.807578646254612 10.284427041609025 30.805442044330615 9.608328793392374 9.625079776142371 7.511238793309079 30.104605035570113 18.08356139257475 25.71964074526264 20.883804835187895
    C9 28.938132441627868 25.373816114776442 23.415490020018048 17.550825792674736 17.2581664113016 30.51511186774969 5.0287997817799965 9.344917128766852 7.896052297581959 12.048299360983066
    C10 32.97597204719527 25.552976387197273 16.325694791813618 31.57466763243842 29.800044213776957 7.830836463665247 28.838373881936178 7.253111495071933 9.82650939681096 26.293531209657562
    C11 22.94792700209854 12.820192409553215 20.224605206628453 15.478690462426158 26.68159595802254 29.86507069458718 10.329840906713288 10.490651954064013 25.94926905613299 33.05952668680505
    C12 15.57565333773993 31.372102121870736 15.480826065995865 7.51144866833684 24.922409153866518 28.46332901930871 32.842059471266595 14.169148211965787 8.326809943174386 21.594521780858738
    C13 22.63270861766288 16.475004222243435 23.36232306795315 29.285636306834178 33.618660609398496 16.16339588519557 32.46698839942468 6.918915371329813 21.48658238796198 9.855164645218437
    C14 23.582790780943004 33.74342065878756 31.248679082070694 9.014636805901741 6.282361991285782 13.88217572376768 19.93484052469823 13.529663196897912 6.7103917641952995 17.53789548034622
    C15 12.55457461501172 32.263148843191274 10.68399469286714 24.623594888050576 16.30949633032034 24.882388393215056 24.148428408298805 23.352027070433415 31.25550153076447 29.309501487600308
    C16 15.648789371148377 27.20113726018531 25.456130008741106 22.181138558341804 15.056734978387949 31.503073374774914 19.41324626905142 20.9569261708017 17.667450102378726 10.12748278528111
    C17 22.945328649507335 5.045231809993699 19.905055893371696 32.82339345462648 12.77626833844983 26.336863943745822 29.957249085682268 28.875130557845587 5.6281031081454 28.350602365558274
    C18 27.05655952224497 21.18735398719921 23.71742137566003 9.527281282662413 20.431161752432846 21.14979218400725 20.623429267248262 8.383036989287547 25.645666810525814 28.019191088854825
    C19 31.921996570598655 10.86506043427214 32.11321246214047 13.575125958850744 24.389213920121605 31.091906004124926 28.278151468205962 26.982167695223733 10.042745107314818 6.873432932713915
    C20 8.281759059576336 34.284859215445096 16.917828565941456 7.140076083521613 21.53674513242597 21.303196046610854 33.79288175427544 33.1298271963924 5.063928454157999 18.5330559458079
    C21 8.060709872692112 13.832829289594722 24.03982512457653 32.721816569123874 7.912881268828754 21.07356388110746 24.134176463274642 32.5110973149481 5.161479342245052 21.01945616994198
    C22 10.265086697512485 18.28455855187977 11.276092192521315 33.65150733193838 11.14288152542368 34.743018314569454 13.45306931713184 22.050558799315752 33.08738586233001 17.96586636394577
    C23 32.15948108410015 32.145307026843845 33.42885938532237 28.058147894705694 8.209074487470527 13.93862759179536 31.106488495907733 30.856169618670155 27.439872286012836 29.67904861064001
    C24 33.36039343203837 5.555650510951857 22.93197983676513 11.55098908589218 24.641038448730804 5.253082984085645 27.468029926149296 30.9752329689078 21.177241057901206 27.688595377537844
;

param t : P0 P1 P2 P3 P4 P5 P6 P7 P8 P9 P10 P11 P12 P13 P14 P15 P16 P17 P18 P19 P20 P21 P22 P23 P24 :=
    C0 7.504257846664685 2.647069187400264 3.872305335166468 6.688861421324461 4.400296305156538 4.559321838236227 3.3077638091389243 5.104883518438683 5.735295512354133 0.9752388391973166 4.159626262901689 5.424409263522439 2.0545409347424974 0.4606250081889601 1.7045437577836724 4.231135691980575 5.2396377700207815 2.7192528418765045 4.057877570611292 6.412217350361585 6.393803472792234 6.316586375524444 4.860860882007259 5.553794594850002 3.9734547103365028
    C1 3.550411696280158 3.0502549370874243 6.858189035907109 3.796812170418633 1.6073593969950137 9.997916400259875 4.029253906655704 0.8146511710126124 3.9553094965073736 6.179388210305751 9.631563079477166 4.494593106281103 4.909111783271587 5.945818352480963 7.176806518581239 4.709945609938908 2.835661490155198 3.070029057340257 1.634679048083614 8.376530288999131 9.075512318818074 5.735195984287903 10.26365433166696 2.456756208322604 1.5829225843790593
    C2 1.0970406167250777 6.526668570607944 6.715038975678699 1.1768991064000396 5.900483512524519 12.192389802825314 4.6969167101848734 5.300673756408138 2.2877076454672887 8.05534192656795 11.701100957559252 2.950992139805764 8.370318949424346 8.248276360944692 9.425896966561114 4.25657310214148 7.3448198681290595 5.269754024205464 4.490693569935985 6.728019316207022 7.791353969737539 3.2702352251119624 12.550310152694276 6.977671228786227 5.442634068524655
    C3 4.40811754294022 5.4350311178407225 2.8210126282906667 3.1038090389516375 5.98156485325616 8.930885746571118 2.267618557747081 5.9274855595929035 1.9961670038717458 5.063542695412768 8.395583812272974 1.2116992104838575 6.692060355810821 5.539790492122708 6.468676740450409 1.1633522897640522 7.5944173689877905 3.743250186059363 4.247505739392517 2.993760506448716 3.926189842938339 1.084220414745496 9.32452888035469 7.497047481141353 5.262805676312827
    C4 5.349237154995977 0.6803894826087807 5.691897156347268 5.0535683196177 1.1174451462869397 7.686782878355169 3.2618746357879487 1.8469291009279865 4.617248546910479 4.118620566025933 7.35179488672293 4.7919122712807525 2.5432412657704306 3.7388122173813434 4.920336275071429 4.308347699144297 2.351466975280048 1.7550202051907429 1.5966901962724886 7.768874599200197 8.200802133321165 6.042807850927462 7.933265877237741 2.4739168121671424 0.803295927292441
    C5 2.1441535368952587 3.8736940176285306 6.382224134053914 2.3739137134750714 2.8783973074704217 10.453678240352836 3.5979254263840006 2.2270899534274693 2.7349224668140186 6.41167737585513 10.033724465092256 3.3969491017476887 5.7969617371737066 6.345105388208127 7.595165941536395 3.961535445549444 4.27072818010019 3.204321866796792 1.8773402451528134 7.5132487505875964 8.335269092745879 4.550510632117611 10.75858577764868 3.9080714787972144 2.5454818125681387
    C6 6.409266680389795 7.165215483406811 2.650306961700324 5.11040100929777 7.9835373692233444 8.983931635022545 4.017057136062973 8.020989701618952 4.113469377855384 5.755502973756403 8.431298099452324 3.356980614333854 8.066759564900606 6.404762699917693 7.015939572677452 3.028718052348332 9.560518483660612 5.530071686832866 6.303107888207445 0.937678212067916 2.055637574530141 2.531009161227196 9.3947760727077 9.519681462739468 7.2550538685140955
    C7 9.022063554854242 6.907415006670443 2.1021001585534944 7.7695421063959715 8.385256257507196 5.554966443616615 4.856860458502298 8.803609750981286 6.5808433234427754 3.8375955853880104 5.020791007497106 5.836490510389975 6.831890028872575 4.576564823498812 4.489158953410547 4.656285874654177 9.645989614476203 5.826673737264231 7.179744928660824 3.2145886251503732 2.420584883448492 5.743327313914962 5.959816481096304 9.823827814160872 7.7316517357704875
    C8 11.222919528663521 5.982357349320421 6.265740076484506 10.367773099292219 7.688971866285882 1.2401894703244674 6.887276992950126 8.500030814629874 9.352733436592215 3.5418198847497178 1.2915261299996397 8.939127737467533 4.3468075012277705 3.3059167125655886 2.131208645598684 7.637839882134313 8.000503954817423 6.436481149593517 7.719826472588362 8.653546674488213 8.162307367337391 9.633554532406048 1.3333842018884 8.45648032488419 7.4395861163742625
    C9 3.596468234488699 4.2562617950951696 3.3371608451875154 2.4003057890775907 4.642452204203925 8.74908762410797 1.3502161977173224 4.565099272495663 1.2284034651656948 4.660029889774302 8.242031019644159 0.771909551114264 5.718431251865644 4.976735224030743 6.067579273774903 0.7832112301265071 6.263255761098265 2.586670479763493 2.8960097846083723 4.245342194859272 5.059200166571822 1.9058074848795148 9.12045912075778 6.146955199931725 3.931522475187526
    C10 6.756264538495795 1.7853090541509629 7.140243394653313 6.643626853523298 1.7506849146047712 7.81756999067237 4.932256699286804 2.551143871574207 6.308705081655482 4.969102703233776 7.589465516662882 6.513361671991515 2.33486972787795 4.384271206757639 5.344374877833852 6.004327644672197 1.344975027966805 3.4116073442939405 3.2161332236054823 9.366017756808144 9.7063959293739 7.766749288195644 7.986340793341082 1.8163633116724296 2.16958960504246
    C11 8.909795637870294 8.127357733377398 2.760354862124344 7.603788130224457 9.376774618660297 7.55324057299214 5.463609910886746 9.637379871588521 6.488057638442767 5.5353788771974965 7.02457284863781 5.699532279243887 8.417152183919622 6.2823003005558045 6.396554525453343 4.854296012259152 10.800653080128962 6.759564430065314 7.918176254124827 1.8337862590909693 0.6992853559308279 5.168399569091973 7.9548787303484 10.890681775264369 8.670666123748587
    C12 1.6926385642034656 4.351829138932375 6.593681377622222 2.108154219092241 3.345256280649862 10.871708484177748 3.8663682616242534 2.6598239448435654 2.6713322149821908 6.80282867357533 10.443288013116467 3.3929468158095966 6.274471097037614 6.765909544597761 8.01401849084219 4.110831711463317 4.695565610659375 3.613380260939276 2.337350841036433 7.5701758842799745 8.437880451307276 4.469914766430464 11.182609122088095 4.309087320453768 3.028469948976599
    C13 11.114417070436664 6.615948713059888 5.175099057818793 10.094142443076002 8.378209826200806 1.3329840244683075 6.573908053251653 9.10441111457519 8.975379902807042 3.35357822465365 0.8168566632048764 8.428691750564981 5.383643550130245 3.543134313800107 2.3754885019974536 7.079057829461169 9.020404561925224 6.56680904622702 7.991733717890148 7.295826687881862 6.6357698189713235 8.88766529477811 1.7367019552588117 9.407150625426423 7.9751991092758026
    C14 6.347800761642009 2.5392251997944246 2.9528997359525966 5.443781694131062 4.0832521915151005 5.615933061064744 1.98670404129333 4.620577535939799 4.439748645559641 1.4842306116335469 5.155230484637766 4.094365717990602 2.913648189130681 1.6502012992704724 2.806730974221296 2.8958237675003233 5.277833903761351 1.7739745270997387 3.2340262807424587 5.378131637224963 5.540889524305452 4.983341008283959 5.956436202898471 5.469948354423938 3.491177468984166
    C15 8.531282964052178 3.231402004460337 8.257121457429804 8.407760611193988 3.5146762184319416 7.497995055005667 6.409739841587294 4.272024297198728 8.01785169147257 5.590675212970227 7.392132759681873 8.160751262634987 2.583891018152953 4.882879064249957 5.509818089122687 7.51087902913515 2.542743752342196 4.9224062475203505 4.960945502556704 10.646073780141673 10.844325535168844 9.386641755658703 7.578412352037094 3.095252573946637 3.9382610198061685
    C16 7.18038174012812 1.9815518578436206 7.25658625520159 7.03706970414404 2.186939948962169 7.560930349791398 5.172670423655764 2.9927240362508583 6.662227650860003 4.92019853970971 7.357516358007366 6.833714539876775 2.1234002448422244 4.2940610277452524 5.179575830046131 6.260150973288424 1.6552211250365194 3.6590116055770316 3.5920282456543258 9.543131242335656 9.836425061220595 8.075085211724867 7.7124713080559 2.168831186797772 2.56902252283835
    C17 12.153444945959528 7.285265223655574 6.441816353949809 11.187909168437125 9.031708524938045 0.3469028356154768 7.659591941124956 9.808979111473024 10.098053194074918 4.33052154240004 0.6562133966728159 9.588638862132512 5.799838727612089 4.342857393186778 3.0936208078638923 8.245024715083323 9.475938227205235 7.4803069162992655 8.85509400429901 8.579572615237417 7.903482369214511 10.108704524267118 0.550429227875161 9.909513536075659 8.708920458892452
    C18 8.32655649526055 5.604056423741258 1.6493805293287103 7.143126854543176 7.144039489461994 4.84793339340682 3.901857815873586 7.61944804232861 5.9572361660410476 2.4829476291208894 4.2954462751176505 5.282827142164477 5.471788118601941 3.226212493196512 3.2638171527281834 3.977386610188565 8.343934994892777 4.652074974285378 6.063834020040792 3.786250406236522 3.3326717686589262 5.486689459727119 5.259191320469534 8.546517704730546 6.517960797365002
    C19 1.3523117940611642 4.903983462726035 5.593133486375931 0.5846971304212647 4.421468472796589 10.672729035428956 3.221908667722971 3.932869370563117 1.1979356132060661 6.527585751045903 10.196378130798028 1.9842701018864464 6.735369695140055 6.669838680500394 7.870159087651974 3.039755818289884 5.953205420779013 3.641132103769254 2.892871303434898 6.169408133160557 7.119006944057684 2.9043724019710404 11.019783594330994 5.647971631081647 3.8952783693164084
    C20 1.9449449778608086 3.978694862360256 6.212812562670775 2.093099167031892 3.0862016344877192 10.446469008428403 3.46021724968719 2.4731044259810977 2.4616086135546005 6.374913402366023 10.01666637190059 3.138249679008166 5.897398438161776 6.34173535398669 7.589202962619957 3.758677146056908 4.516824811899372 3.1878512277571014 1.9404120203983601 7.276836903702303 8.115992851760295 4.276667647978441 10.758707931715922 4.16749170104325 2.7037412437791213
    C21 1.1167271912137384 5.965924373386162 6.1298330660783815 0.5486617162109745 5.443457603888429 11.558994985743023 4.063614953593298 4.899751112391347 1.6679848315412684 7.422074575056037 11.067941738297316 2.3637459678524406 7.7872734055120585 7.618930287319218 8.793757752008156 3.6451830174699174 6.938411949937465 4.661816905686759 3.9543754901045753 6.2827009688297695 7.318725872316677 2.8363527351732163 11.916939390380904 6.601845728869256 4.943585281287094
    C22 6.206229430007108 2.390957403884533 7.687701187044245 6.298264149300553 1.3296307286947369 8.898155627279866 5.212937134534003 1.854371174084338 6.162165827116681 5.84308785666831 8.653027736975664 6.495436545452298 3.4098537714895247 5.321094726094233 6.355668910797542 6.212548091066647 0.35373343194851203 3.7365954893862434 3.081020667614363 9.747148203518975 10.198968273716101 7.773215742649726 9.076823318820605 0.709046345915978 2.014221485395159
    C23 1.6103680726303842 4.287050900438874 6.257439311052355 1.809186064828977 3.424110150093507 10.66997926197454 3.560456418372848 2.803850340339264 2.30670099281928 6.575761507535644 10.231671647707012 3.025172388791834 6.20108510616796 6.572626028196339 7.816193041812248 3.7598828265974276 4.84804568818171 3.4175489570270234 2.2349540441743927 7.203283629241098 8.075080212304165 4.109625364663771 10.988403574755985 4.4908922899219315 3.034631523828009
    C24 3.8759700019090744 1.9880698665596892 5.347850111309601 3.5685278314719593 1.6277238597906605 8.61239334375271 2.561053758068081 1.6229283455715604 3.2384298750691487 4.673203444116362 8.215167018615423 3.545808575574003 3.9018278262212243 4.512997904489603 5.761056896509958 3.399867603778202 3.254511210046097 1.5073617736443579 0.13085917157149946 7.0509365344756905 7.6618119167988255 4.824263792574311 8.90245719293122 3.122154242285095 0.9545611216853066
;

