set P := P0 P1 P2 P3 P4 P5 P6 P7 P8 P9 P10 P11 P12 P13 P14 P15 P16 P17 P18 P19 P20 P21 P22 P23 P24 ;
set C := C0 C1 C2 C3 C4 C5 C6 C7 C8 C9 C10 C11 C12 C13 C14 C15 C16 C17 C18 C19 C20 C21 C22 C23 C24 ;

param: f c :=
    P0 2799.744420126125 156.81688267510353
    P1 3086.537250656548 191.48302721142522
    P2 2183.583259758096 98.37240592205953
    P3 2409.451810201997 121.33896723448785
    P4 2589.475805698462 146.76115102827646
    P5 3146.5117699487428 208.30728948110976
    P6 1484.1977970831656 43.273711788585615
    P7 1886.9702147794803 69.99761627827692
    P8 1131.0164389072572 24.654915279884108
    P9 1812.353027720354 77.58097479122969
    P10 2440.1588858492387 112.38839392258022
    P11 2027.7838254847172 83.48700091867018
    P12 3322.5000659534917 224.00258805170554
    P13 1496.0329087988894 48.38588262196825
    P14 2687.723912432847 152.46114373412254
    P15 2698.6375544807865 142.47904443954474
    P16 3022.4818397692916 200.1661149871484
    P17 1528.6067421761945 46.822907752385305
    P18 2865.052782713505 180.89176075007288
    P19 2000.6041695347885 95.04858697945713
    P20 1558.0123631091274 45.681094528933286
    P21 1428.938872803941 40.82971674136098
    P22 2784.3849549949337 180.11374409756996
    P23 2327.9775285101664 118.8309602066625
    P24 3097.465782286541 208.15612791876137
;

param d :
 demand_0 demand_1 demand_2 demand_3 demand_4 demand_5 demand_6 demand_7 demand_8 demand_9 :=
    C0 24.682691480809954 16.561003515388393 17.84795625618529 22.14720873020237 19.25462968246974 28.237872201749408 25.718786341832807 10.37738771021519 14.221746558480712 17.603847264119317
    C1 32.00654530293002 17.038779033966016 5.50720965182232 27.556932952207134 21.340898741861416 19.588698627253073 6.013241616695723 15.492937142429192 12.721935984245967 23.16316255695001
    C2 12.267295084845152 6.7199577038104765 33.00035655584751 17.89989402277848 15.572506242371668 16.344077871506087 30.737028493872106 9.84535996519391 7.189817978078227 19.310841200548268
    C3 31.91266513662749 28.53635243031914 7.739719504765862 33.39904746867065 30.21980210484619 34.795619536069395 5.990787451651749 9.833068280519367 31.900635578934665 33.05537772592744
    C4 28.7106737618282 24.919105931959255 26.62689567565365 17.106010123213547 33.07908152222742 21.89121074380365 17.201181332229954 17.405764015262086 23.35960137575394 34.64981516650755
    C5 19.363653704038242 11.877158113772547 22.772752117685805 20.959409080415103 33.2211385587525 18.682844221489333 15.590099762693356 11.191101989127647 16.865657844257086 25.070235762947593
    C6 28.96214103206443 29.8451580971692 11.34559882974653 24.4179883868776 25.54813382886331 32.649824608287005 25.97094779176804 13.991289936327352 32.84009097594334 20.9953580742803
    C7 7.000072938595023 19.205797610473105 14.63121655230059 17.179503225461172 32.00327670183252 19.398138226618094 19.107793167050147 34.62344424687991 22.67264788849387 28.11611076049585
    C8 24.43262870194175 15.961250451084148 21.41365256085645 21.99184081440219 25.948507642664502 26.328993376331404 6.1290516530416825 30.59976107940381 27.589444877384814 20.671548824601672
    C9 20.947179210652827 6.89772642712987 15.732581050288724 20.696595268227114 14.263021618801794 5.0357183382541955 27.17344337391576 23.422445570673244 12.273741774361593 30.744007736539288
    C10 13.146680682186725 26.914927127253005 10.545882894143041 11.468583138479294 8.458644062865801 17.625946842469922 34.251544834464696 32.48495419126457 26.170616063047195 13.088261656409268
    C11 25.510226218324032 28.722624736162402 19.31481133478018 9.94921060495729 7.750865436337574 21.837872072517992 21.951389184584762 23.622947748736795 30.73174542005629 12.47531655975282
    C12 19.75328913534724 6.350987857922641 5.0158381785162085 19.716484895317933 28.098901819191404 16.869296648987458 23.493761014894723 21.787733399978876 13.273638392609204 8.108340270967373
    C13 8.13624169550981 14.552613254955498 9.112635780459676 19.516181848494156 14.864470133654779 14.27560483174522 33.88658161410758 22.097503266509772 18.526712049191197 5.239282994949748
    C14 12.089442761163319 22.060309143227666 12.608628161712124 7.397087692742766 10.651282973038525 24.961438423957368 18.241382854970883 15.06197577976973 11.792448589560369 31.826486682947458
    C15 19.567004889771873 28.978464940401885 18.03790375062698 23.05826365614458 33.614387701264214 18.057753107639805 8.297298747911729 16.804127696606724 31.427525863715825 22.130208487557557
    C16 14.457659251045103 33.103504693405895 9.748871326445832 28.114737090179535 25.163404731098087 17.02741085687515 24.04969205679729 32.678097325941835 31.312202753853317 8.87266279634921
    C17 30.7031555977964 24.79064704491782 5.447267980379008 8.955548279996762 28.56913132478708 22.171875711044535 24.502215763500345 17.418425155608155 12.913830656672165 25.738158413768655
    C18 33.49333687981005 16.04862311925246 23.682480722712846 24.561029461637908 24.108025804505758 22.792575757981595 9.120595582420325 18.03873596668549 20.77473612704958 8.454305870925172
    C19 28.16510627911046 17.843571896259633 24.560869223504604 25.248502514803555 10.450670100713118 32.70071729485157 25.87836311314037 13.956113153481773 25.280649029486966 19.362115881223318
    C20 24.596034786481695 26.61139650665256 7.882819504131804 5.849551139857379 8.740676450296874 31.544405506773984 11.682204824931073 14.912227411654422 24.721479944797203 6.3005518493645285
    C21 14.718766022137661 7.16062644366022 26.868924199409573 33.77431482205962 6.370420640380576 7.670806591165718 11.17665955041618 12.851756708620261 21.840717160255615 14.804704480176847
    C22 5.406561617958237 21.986793078428608 7.694161642269299 25.863586197072777 8.631541487446466 29.48647220461956 25.841644787258296 32.03379711704605 9.38312431228059 31.977133419728055
    C23 24.79974018150652 32.54935987440432 14.224429966500015 33.91504187816781 7.077592466467507 16.569707667200205 22.806933626372732 32.70037285063264 6.432327015695192 20.55716350996814
    C24 11.592546278559048 15.266627370554575 33.22402295510143 21.042954762645984 30.264947121631867 15.426761975876333 26.5704753267669 27.359871168749027 14.845640175157246 10.781491760998682
;

param t : P0 P1 P2 P3 P4 P5 P6 P7 P8 P9 P10 P11 P12 P13 P14 P15 P16 P17 P18 P19 P20 P21 P22 P23 P24 :=
    C0 6.226168582051743 4.444779800970643 6.1603163135314 0.531796615458058 7.4217374487127525 1.5283118697638054 2.0555522625717972 3.3905935162370855 2.2597777945296023 3.6778016532863136 4.710596403301076 6.302838119858906 5.121108479372047 6.679535322696135 2.192949158050728 1.759559944782608 5.838284603389845 5.404685115275523 1.4157719496798804 0.6416603417766356 2.6172055434470787 6.494144079098815 3.871372494122372 1.016387266937817 4.754973612887767
    C1 1.1896424774912624 8.06766903505149 2.391820095888977 5.002210736330362 6.366239739830024 6.75217215407971 7.172403200787998 6.97715978254258 6.751333967001196 4.9680534162052545 8.22245804642476 2.4472510261374127 0.46536283731823525 2.2853120355986642 7.648502201745824 4.491349921149289 2.907213145762489 3.086189347558947 6.904157983319785 5.343896528104517 5.165196036246522 2.322326352492742 4.119704668509176 6.4374487337630395 9.570676208538217
    C2 7.688898856671685 2.186889075464797 6.583859149944232 2.3418342123661047 9.670957814771286 1.1791275321064945 3.4963689425249607 5.426666151386451 0.059443603578410824 5.948793587998732 6.61016270299123 6.7230096644593065 6.460185379329292 7.23013708339327 2.8299650894638546 2.2319124528736562 6.028107642787898 5.499946661605395 2.1802980724731533 1.8272781164425755 1.868352202165061 6.993652453235 6.074781351637386 1.697846235558316 5.892051808036195
    C3 2.5525493519337985 6.619565234842284 2.7232032732558453 3.449569782872664 6.497794295311645 5.177718238164635 5.733498945039108 5.839233684972256 5.190643035649673 4.171074517508028 7.167967967881789 2.8435994468848778 1.3038342061961117 3.0152349083047216 6.130474285664077 2.9289928934352982 2.828108444213264 2.7126145224487166 5.363971279173069 3.7728909290228656 3.693694554789628 2.907912755442304 3.475155019782304 4.8769961697526245 8.242901476730752
    C4 9.146347724963032 6.2839585372982985 9.624913553613544 4.020094881151428 8.263150301944677 3.318101900376951 1.4938778426616723 2.7414164504182317 4.402599250937791 4.886830453647737 3.0682697505372536 9.766278350668507 8.225909388397493 10.109289206030123 1.6294989650675296 5.212313912391639 9.330563837216268 8.899093299041565 2.396851459920394 3.9977422498540487 5.805396391349824 9.939163584449739 5.618794368866303 3.028233176639003 1.4368744059498666
    C5 7.936065200494982 3.2656554537558744 7.3642564540880855 2.171845696762619 9.105506086918304 0.349191317660147 2.3034843083268375 4.38449766244825 1.2472216018880604 5.331395868050613 5.463588162125661 7.506961286391266 6.772969014666462 7.96349833692478 1.532058245448824 2.754510819154319 6.8964562886359495 6.395353309838304 0.9962143547281548 1.7598971748646566 2.891649790339219 7.746747642987302 5.639378967886276 0.8319692672368515 4.5918831103662425
    C6 4.255704873182341 10.499195066349628 7.281708378489091 6.114044312517498 1.4812775870890458 7.767591473884866 6.596889792491016 4.95007677646701 8.452512086008518 2.8001707969066287 5.503827555031729 7.352410913129784 4.562336769904284 7.201935545993193 7.576116756742288 6.692003736839239 7.665708111725722 7.673540645189094 7.250467639884304 6.628605916609657 7.837560002817875 7.245482270543494 2.3889525820729025 7.186058585291305 7.802054661384764
    C7 0.6937039939780564 8.540107998924615 3.27177516385932 5.088549913294785 5.504718176352467 6.905545828427124 7.03432045183988 6.577897848623023 7.044857595433525 4.420514769372877 7.752125811344117 3.3244653041597005 0.697786592418279 3.12767737283309 7.621111099784268 4.796187391800119 3.7780552865382218 3.9267330942771888 6.930357512280757 5.489515895672255 5.613819776512309 3.1856424550740443 3.53329559518377 6.524480857861297 9.290013325633714
    C8 7.008560839003296 5.675254474717441 7.559180172988839 2.110625730696836 6.858270376167299 2.4028845803051855 0.714008998957615 1.9136530689006024 3.4813847999007574 3.154381645180862 3.121389001223125 7.698519977040416 6.071928789335091 8.010738048866152 1.626306471432473 3.401131629934688 7.325830850313782 6.930977353326185 1.5108771145826796 2.2865770661851457 4.262084877755949 7.852577203180471 3.7167737773169565 1.8228568779298058 3.209760097665754
    C9 7.524591506599844 8.298363492126825 9.08047982048482 4.425404072190302 5.261066751517388 5.021925031875591 2.831165652584456 0.7249282475350814 6.10640318547627 2.584171762358369 0.8033854263065264 9.206666892762904 6.954637112182207 9.378853127142888 3.870813322541764 5.679595600741564 9.03977834816992 8.747628826793072 4.081124529554124 4.752426263911963 6.702741163567588 9.28066818971357 3.4862976156630934 4.448126303139997 2.9449436192905614
    C10 4.240428124431496 5.689003994634301 4.646174783725062 1.5742900076633721 6.194841017255911 3.4182551323686794 3.6350714756870737 3.9227668104187625 3.783779195354901 2.869643505402468 5.301354649223155 4.781109857509158 3.165761308578588 5.050490324390879 4.097121284013151 1.8469535167777793 4.5218221354476205 4.210623997342556 3.384492847797288 2.0331929886978437 3.004436039223839 4.9075948272711365 2.5893178172070828 2.990079786965537 6.1578697341934685
    C11 2.979184810157565 11.333302921740344 6.385578387618019 7.277039004969169 3.2859799284712055 9.094355182806956 8.433969552664202 7.132791118021333 9.535202523724855 4.7866649794483935 7.874539903002597 6.410905207535377 3.9171368204518013 6.078358531269142 9.295605693711007 7.441820297514496 6.970211348201314 7.153199098032661 8.802452579094554 7.7679270102138105 8.45208627556326 6.206035111521059 4.038267951256805 8.58184715832681 10.032957208403165
    C12 3.770611827944646 5.579394181607227 3.683873978741023 2.1311764847428725 6.702238451353681 3.863125803578647 4.499711378674602 4.906271779489708 3.9528492127629122 3.692120281097679 6.2833929663292345 3.8210487683209307 2.570040459027252 4.122614118048727 4.828624959468519 1.7218427988754712 3.5382952928565246 3.231457295787397 4.049517068785383 2.453331912591907 2.6943721593044985 3.964872594788199 3.2382708357586276 3.554944399562311 7.088653278525177
    C13 8.162842693163952 1.5969445854674982 6.8481608097328 2.944824912574313 10.279859925658272 1.691164968673933 4.003238817367926 5.993606734807349 0.6281514121630913 6.55996921745423 7.145518621960674 6.984054743840718 6.921714816369518 7.513913325973759 3.24222368466757 2.7089907789621295 6.246980528905675 5.708270323993412 2.679980486891597 2.43102344667479 2.1102580051962656 7.2690111894203895 6.679229739804709 2.2590370624645466 6.283266497295136
    C14 8.006572247772159 7.739491836211323 9.255689543840253 4.1972920283471975 6.141887136129203 4.474242845296101 2.176604232690324 0.8293775522115188 5.592685195485117 3.1906779159331293 0.985699973905207 9.387778896760683 7.320963448895502 9.612334005867929 3.1463021791237944 5.489601830555026 9.139738290093344 8.803030662071343 3.4899336356390487 4.442104574289213 6.420288164915624 9.491826479891696 4.0615477611389625 3.9438299944933353 2.116923308998047
    C15 2.5221202614988463 9.126398013815182 5.359422349065062 4.956502158914351 3.4000767735813238 6.761899375938358 6.152283267731439 5.082350959566907 7.24451021735924 2.719029333310105 6.04438371862182 5.433034231659503 2.6421746983581595 5.306296390089255 6.977856663683467 5.233007946722883 5.740543345774901 5.7609181407212215 6.465998724899432 5.4546753638944665 6.310644558626675 5.336956562140838 1.8520950396001292 6.243824437196986 7.962113394123818
    C16 5.2259617522286295 4.449553246228987 2.851644944175749 3.802395398662457 9.40093107984646 4.660769296469291 6.328939843534056 7.375389283279379 4.014890447896236 6.483210029425228 8.763439505403873 2.97463329849027 4.043265934027717 3.550570683424579 6.204864025789708 2.521943601872784 2.1670281635845052 1.6221632976290818 5.364914190968243 3.719883378803534 2.1022128067947405 3.2892057434328685 6.036880187188278 4.730906787516607 9.02772273196647
    C17 6.653733428676654 10.114136201700642 9.055256729648415 5.792062386976391 2.8666438717644924 6.941511725583784 5.062674181822748 2.9269621459567796 7.905937381929413 2.3284526720398233 2.8692533102510005 9.158261235894 6.503774746794297 9.170925161686242 6.133889126009903 6.830219905892553 9.227344660679172 9.071883898535072 6.1321962016289095 6.246275787643441 7.983111522028663 9.14233214176495 2.9259018952854277 6.328865541532945 5.369646960612685
    C18 3.3519220274100814 9.032057991744514 1.7382196860107977 7.16761961185905 8.96542624762112 8.673300604915624 9.600625549386042 9.712836803000913 8.341164159749578 7.806066030726312 11.004230138761715 1.6098696006244329 3.309308053504724 1.0651336840583767 9.883830756941446 6.263498283811096 2.439887078435919 2.974934555729083 9.070825463942079 7.372609008038501 6.468395950091655 1.3089494064020468 6.969245887462774 8.511379790753667 12.15173651767131
    C19 4.605706358504195 12.045021863738228 7.951891222844818 7.72936612471978 1.6858809963629475 9.439089996575657 8.33773336959121 6.660918186256186 10.064315434187634 4.540371190843053 7.104333312263359 7.9948289316571906 5.317057490949879 7.723231015638055 9.311324575300109 8.17653255214034 8.463836676713225 8.5735572620962 8.963959914991532 8.24242627323807 9.284147334137415 7.823183588859333 4.063984807774207 8.86968127285492 9.477909186468107
    C20 5.271537589236969 3.9512010628088223 4.2272209417982705 1.710576981924743 8.170500181991894 2.7975052321357685 4.240331760303006 5.352584909134311 2.525401604005382 4.811217568524231 6.7305169308197605 4.369956110121994 4.023266779581266 4.831856859505165 4.192992597918323 0.4343292391320357 3.7823525234379756 3.3035250896399186 3.349302669191809 1.6509087112562468 1.0651044693542864 4.611500926111319 4.579016288454275 2.7322936291234825 6.940400176489505
    C21 1.4071804750556016 9.573955996758013 4.682066108534448 5.711521004500764 4.20633904798885 7.554942101995016 7.245012615724757 6.351959187934746 7.87803374239828 4.0103209446800205 7.355224418678058 4.726581863073264 2.085424958004178 4.477606556771546 7.988540133742009 5.709648924832919 5.2045080546141715 5.345301194481137 7.397417088573838 6.174742083315888 6.666458567323783 4.563687156061437 3.119890888346992 7.092018997016031 9.206719911718952
    C22 2.168086146487402 8.038421473611923 1.2651011527875213 5.6460454268824245 7.642920478985432 7.252436221425215 8.015325264178369 8.069815048751733 7.050485592583279 6.184939151805128 9.36204585974014 1.271846264381353 1.7281772194182663 0.9890418686628593 8.3585203483086 4.865567997001614 1.961647449750625 2.3229990466127863 7.564220689563854 5.899000946062327 5.2697564947152395 1.067511120781414 5.365560571119687 7.032969284416321 10.532989977274145
    C23 6.143498668868073 10.505504209170159 8.785594810283285 6.103791177162816 1.9845351376484217 7.419562660061786 5.702381396919137 3.6497337940628944 8.319788749944495 2.457434600417449 3.7402064635386685 8.87878115293207 6.145892747275129 8.836332904577546 6.766364611416192 7.0304601131454145 9.028747614633449 8.924069070205924 6.677793792558861 6.586190959931946 8.200679597109028 8.832104800039334 2.7938032626906075 6.805605728283427 6.221612067230346
    C24 6.263566118919473 9.445209661545585 8.504805622098392 5.113266903969349 3.1555729046780523 6.288977985533139 4.477823207946918 2.407345777141992 7.239663467747802 1.688356805416886 2.6354283624320485 8.612233562909214 6.012970979614058 8.653219666093884 5.545947116060976 6.153403316271577 8.64468073712972 8.469725289043135 5.501205362675206 5.5693256084496365 7.304760892398519 8.6118184173489 2.3732814071054587 5.675249853829557 5.046819355258414
;

