set P := P0 P1 P2 P3 P4 P5 P6 P7 P8 P9 P10 P11 P12 P13 P14 P15 P16 P17 P18 P19 P20 P21 P22 P23 P24 ;
set C := C0 C1 C2 C3 C4 C5 C6 C7 C8 C9 C10 C11 C12 C13 C14 C15 C16 C17 C18 C19 C20 C21 C22 C23 C24 ;

param: f c :=
    P0 3644.3439612758975 302.4526348883545
    P1 1996.8807407009838 72.78317843729924
    P2 3026.8751504891766 184.38156545962772
    P3 3618.524431957547 302.6048316581488
    P4 3477.002199296107 288.4766013203402
    P5 2078.383619526746 90.87356675531372
    P6 3473.884940070372 262.31861895622785
    P7 2014.2939041686066 78.61550182692929
    P8 3148.37883534761 233.75871913965224
    P9 1552.6621657558642 40.21463090070258
    P10 1628.6684899617703 50.45309097106185
    P11 3417.949229024974 265.1869281749656
    P12 1897.7436702507332 73.61917883296309
    P13 1681.689531945515 57.24118421761536
    P14 2713.0343884308913 158.76113866293127
    P15 3531.4397904994066 248.25808458536247
    P16 3382.6825435938567 236.96254874525363
    P17 1717.3756202388465 65.81558227611481
    P18 3685.46010015418 299.645031363085
    P19 2142.743280275522 93.69396266395232
    P20 1104.9393319336434 22.623947692240446
    P21 3403.581807632117 276.6221986080584
    P22 3263.1046927506104 249.9048891790303
    P23 2921.242364147705 173.97377270453967
    P24 1170.5423919854672 26.21538795734886
;

param d :
 demand_0 demand_1 demand_2 demand_3 demand_4 demand_5 demand_6 demand_7 demand_8 demand_9 :=
    C0 28.41895998894323 16.085633846533916 12.547788164568253 14.634274662538875 10.667842659054212 32.77243429638962 7.735332527288853 23.45158765108008 23.013069080799198 30.377076425319903
    C1 5.8299570961160265 16.798020291514725 13.046348750776245 28.940919219558783 33.02365994188432 25.601728131606553 27.21368326562619 16.404879023811205 19.091390735057388 34.37484488966557
    C2 25.149679420850106 18.93521278727804 13.13753602089394 22.452470776463898 32.83417131641259 11.14678219853432 34.360174903441816 21.237938649592362 5.728279356619454 15.93715519785401
    C3 32.92339944251229 29.20434154272353 13.668408824749399 10.20246828732135 18.64281697602965 31.739346160060975 13.091874750603065 13.151699052407315 33.057965911174364 27.82130723340366
    C4 16.723286833575738 32.51332298103331 20.405537313485645 26.737780956046848 34.72561259954665 21.99702018347678 19.587712315744895 31.454189123208334 12.322186897429209 7.6991750390316245
    C5 23.19309536435584 14.104906656516597 14.391548989747427 31.284370114980888 22.507508208116494 5.295682946912653 7.870509754015419 19.74559480771056 25.92742735103405 32.47549753459252
    C6 31.008062785428997 21.058728606692522 32.174324614740385 24.157860781332953 13.312749902408957 15.128176803179738 30.361468063235776 28.68763272653819 18.567374210000708 7.771303418751795
    C7 27.458255195805705 14.812633004634108 32.216528931129304 11.172014757573137 22.023609225562183 23.730800685190843 11.629204580640309 20.71806140444176 29.003019188764537 25.859383840745096
    C8 8.819790515161856 14.244255912761144 21.980447737410643 28.698350779736987 10.975700452707978 13.315214131218514 18.785198392631234 14.662400488715425 16.666096353156085 6.501952167687813
    C9 23.44687326611308 33.454878286252594 15.455396467225404 29.91167791278036 6.529791202003725 17.894079291972577 9.969276761684979 19.970964530309885 15.35552450109733 7.377660838943838
    C10 28.714027816701073 20.343198810768314 14.190428970421822 10.492335011200588 17.83121890458004 11.914649953045906 10.20629329628323 23.469135028399677 16.429127980879123 32.96030281226605
    C11 31.66232423630323 16.582815592903874 29.77205641604926 24.424320044274065 34.45089984451821 23.549357042534936 11.610248523832265 30.146568590891988 19.728724159961608 18.593024942806956
    C12 24.38122880575162 31.134771594295138 20.530152844510994 19.908670643344212 22.85815323324781 22.11851300710288 8.221607283465943 23.196618081361706 26.725354666708608 13.794584305949666
    C13 27.66290500059972 25.65355068211878 17.346177312401416 12.3690144102939 19.291044645869484 13.002073301639749 12.163122297338006 16.188831585164902 32.275641059310246 30.755007587945556
    C14 9.71855377584858 25.857486850065218 12.917304470634573 19.53029954069289 16.606540749924328 21.578473825801485 14.254827075122282 26.103691625004323 7.683827155238914 13.355403811710039
    C15 22.969365534467656 32.70361997533972 17.715443373401005 13.122214808870236 8.583343209265326 30.22303988852255 22.389127133986783 23.028606437952757 12.647771913162629 32.478886288259936
    C16 13.628830350294741 23.156144529433966 24.77333385982054 22.04568157920522 10.433141840156152 9.55108687794672 22.991490032432125 25.967865366476424 11.85670508499182 11.872660013168538
    C17 28.192975090829 24.830264773774758 28.0494215964646 21.122258456364147 15.840047991303596 21.61130746844113 16.601098801083538 16.329928078140686 15.997842605024271 14.347950406364081
    C18 17.982245817740658 22.21964332549289 31.71651187246145 9.39019752771982 29.038993640435482 14.501533827711167 11.401634342710837 28.642098546923616 34.91297243383357 20.615239083792023
    C19 5.927420351799526 19.079843015315067 9.17833018353084 23.179512710582518 6.635064342849242 11.596169137621445 8.010998408633963 11.213927317692715 19.35592252569605 11.954469056087012
    C20 6.990019283075631 7.72963084833862 28.097270881011823 12.576070828235732 30.415241361472003 29.1713092401027 7.459914105058 14.426353429242702 10.05624969731348 7.768129472645667
    C21 7.545279943453005 19.690266097015137 13.850458977363862 33.995411107665745 13.320680657206838 29.753581147627234 26.37275035175675 17.15306854415128 30.60940837535886 6.564396077232592
    C22 31.74951399349749 15.272300734983183 25.6131014271035 29.39343583971636 21.45472098929196 11.094236271465853 18.27582668149148 12.462969805657965 24.35026843484561 24.638657372392878
    C23 9.366913610603973 20.509927410565314 15.844608183045917 34.516026987079 13.052428691258008 23.488899026239043 27.174931665089368 13.72036439890845 22.973156615556007 28.527888627013834
    C24 24.242003643501224 23.94097620165371 21.283277545773206 5.098012179109394 28.51611914393841 33.63419953593517 16.534265618902378 11.9268643214056 29.304264604086924 33.6151665151433
;

param t : P0 P1 P2 P3 P4 P5 P6 P7 P8 P9 P10 P11 P12 P13 P14 P15 P16 P17 P18 P19 P20 P21 P22 P23 P24 :=
    C0 6.831126568854461 1.0758157840911424 5.101331286273863 1.329508228825334 2.870534782619054 2.443436024417048 5.211689447185963 5.114524049005916 3.7868937909437066 4.373072972758438 6.212801618066514 8.230928709212243 5.3050489955484545 2.360785100278597 1.9939481706208868 4.022673772165371 5.459900035429749 2.419137432993346 6.287419121484861 6.928477369752901 2.884774173929925 6.876858706613831 1.2788542025800766 2.7316274686454856 5.57530327265116
    C1 9.064674340884023 2.8498556212314794 6.366460215424191 2.693555144522708 4.566088460349726 0.43451124526980417 6.089730262320976 6.352365914875245 5.111242699131817 4.977723139097599 7.709140857274721 10.751522733354593 6.923796876133021 4.880809127599235 2.333035293202222 6.509603826453285 6.942496964925975 3.5549197915122543 7.565072741283448 9.252821897386855 4.657151875059915 9.399949711337275 2.617343762535522 1.79984411977944 7.8503761024749235
    C2 8.882210180303073 4.684341380169836 9.710248287600443 6.8613395682951515 2.7967647583204194 6.931278664748298 2.3191903011740878 9.75294298443735 8.619558971027399 3.1560264969763905 0.7550815690710946 6.666942361572764 0.3763097033853627 4.578995702129248 7.620682878419669 3.984499958588219 0.6271110672096889 7.754078173709049 1.3327339183123235 8.522262404396011 2.754221720973961 6.461262154890408 4.763739960689597 5.915768825965305 7.844785286097244
    C3 9.916408915084704 2.8100517132171046 8.894131194252731 5.065083615391348 2.381551931090256 3.6206103342544576 2.152967421229153 8.909732407642633 7.585427732896259 0.9937581144241808 4.154539900319698 9.589676139655142 3.6426736237477413 4.731813257153529 5.44035197164305 5.555523553051708 3.4727770133883578 6.19098921214412 3.80078938788418 9.820442310998416 2.542590157323489 8.758222916114152 2.524923458589161 2.3019760359012844 8.666837183646734
    C4 3.803341252691523 6.765046438516161 7.091203712032864 7.094015260326079 6.138407691041112 9.21166607556936 7.990677128040872 7.159907773812155 6.777926470932401 8.202926780907088 6.77866730829333 1.5464527695665273 6.186607882827473 4.452169261228654 7.958822564617267 3.01162339816801 6.612888259486435 7.135065689631807 7.437332297059747 3.184839016844818 5.9768553404718014 0.3981676570046961 7.137975999879497 9.06449391427422 3.4974965220691248
    C5 5.110436210824902 7.366603461195259 8.387743973354327 8.045404208664234 6.413813669334756 9.91582710655332 7.881119719430393 8.455603449864569 7.997868088134508 8.27882024618666 6.3589349802557145 0.8944506933034684 5.930192367237802 5.212831281265729 8.93388108638669 3.569032623599388 6.345274138056607 8.215517263930321 7.058554291490053 4.4706318882348315 6.254055014745941 1.6623253001943419 7.71321603287086 9.59918159933235 4.836150812339916
    C6 9.078142763332798 3.3909421423472703 6.077536189578105 2.7060453898090953 5.181684321189274 1.1472329872240878 6.795907341701069 6.056238469257055 4.881174835930415 5.6890281408056005 8.377527968592577 11.08348893312553 7.573742968003748 5.227917940269919 2.124681434315207 6.900867362180662 7.608744012050489 3.375733907063869 8.253177033812785 9.316414336753473 5.262369509835137 9.670662330702365 3.2069843489156966 2.5082546903805762 7.8985611976015875
    C7 3.309335490114274 4.2134018000099545 2.934414990103511 3.109158918700077 5.014274151400963 5.826036262992606 7.628766721341495 2.9913063603614276 2.279617416126577 7.174846671003069 7.6813031426756595 6.072004549254755 6.760633759186211 2.447021808712175 3.8107861521399347 3.257289901418194 7.09502572087605 2.7459812662880863 8.061228361422083 3.502194859234962 4.911019101614177 4.420627283937824 4.582029509117371 6.281718723309662 2.0888865366167018
    C8 8.654753864464531 4.73463739854608 9.59907927783451 6.85336483834432 2.8589345530538783 7.046550305631421 2.6091715036792946 9.643430865527627 8.532879166338889 3.4048072936151756 0.9807029427379176 6.36311591085419 0.5974025900632339 4.471888663663007 7.632628560793874 3.778450574168159 0.9253294858533809 7.716206242352358 1.614982911476321 8.281572411705993 2.799820200191826 6.17944099382621 4.8382778482794775 6.070845922274419 7.636771521201599
    C9 2.957439000073231 4.435496114602783 3.8823785367659385 3.870815813599915 4.824386217213142 6.4070677662154445 7.358529039655081 3.944558284555864 3.33740358321545 7.061242232471158 7.124806133135337 5.021712510457913 6.240144009300507 2.2407560744425723 4.6623304612995655 2.47022589376875 6.608202219355662 3.7065835359862835 7.575660110805591 2.9470536413326123 4.696965263829523 3.3859030118496354 4.826188567554363 6.664940318359704 1.7036986893119244
    C10 10.08827903737873 5.620323687679236 10.89828506458915 7.9022447250626175 3.75474683855027 7.649241535871055 2.287755070258068 10.939272627818657 9.781425255458656 3.3899752385251607 0.47326599372554534 7.591022299110959 1.4066370253757254 5.771958965448962 8.615747764262352 5.2048936755647475 1.1663858528874926 8.845829597003833 0.6060010595872471 9.712381921181198 3.748969601913471 7.550024195213756 5.636962540512686 6.505352264569647 9.065072232901118
    C11 3.997570155450858 5.316680985417777 0.8777300015091074 3.303618641355959 6.595161289437215 6.07196698846685 9.207737617527629 0.9248055548787825 0.7900528189224121 8.569332685364664 9.556731582882751 7.907202533490491 8.61760774232723 4.254911782962404 3.547789893187077 5.327358791005167 8.915744633419845 2.308137875258021 9.865731223331307 4.48354505661776 6.523968976375615 6.2220194546416066 5.610291271406451 6.917540469089087 3.2036624651640953
    C12 6.623514384700201 6.469892582397655 9.087213843084442 7.757078658064427 5.089387226716919 9.074002020859314 6.036221100108361 9.148585211054096 8.402739194396236 6.612206963663341 4.308389384552172 2.989425646668275 4.013832085434402 4.793369168988627 8.654845335433475 3.1400375222175594 4.404506043886381 8.214221942925107 5.0210759723299745 6.066430887058037 4.944289861071246 3.3775438590539086 6.752958869859156 8.492599217219144 5.998513459881034
    C13 6.298956631787773 1.2224466145431454 5.630715879069765 2.5684617109041836 1.8124514957486917 3.7284889175094045 4.424191518241048 5.66171105718303 4.420306491000936 3.8701791941775463 4.983378585833501 6.9056720069980635 4.044119374409404 1.1790367080303863 3.3971129705852485 2.6205227391286225 4.271273656772471 3.4251012396588214 5.178941225066778 6.2523545609931315 1.7522963275410692 5.685451892162848 1.6064959423355838 3.5368927433914337 5.040315406897314
    C14 10.081964018370456 4.0596728418974894 9.958026343379116 6.463887560642054 2.5340336186976558 5.629261703742507 0.09686399377516314 9.986792273700454 8.718375499657117 1.1394855563803614 2.1565451118888106 8.688386830119285 1.9680859881663104 5.100908780814404 7.034010033327616 5.249705334650757 1.6365594783624728 7.527209290584933 1.6906154492354992 9.844656891114505 2.625683962891287 8.21043669403025 3.9452226029549218 4.382038115255595 8.910884995666828
    C15 3.1286562876322406 4.567868849663512 4.683399308407926 4.405498684340023 4.628507240343574 6.760126194750028 7.050171624261274 4.746381326048661 4.133653250673872 6.876123009397873 6.604124691737031 4.292765164090222 5.7565197089699875 2.20907610503558 5.24588825867876 1.8692362430183964 6.145288532422396 4.3865059860597295 7.103176410139786 2.937863190688681 4.486200858297613 2.7091846240055606 4.961662692354531 6.864016387797114 1.9995984858529903
    C16 9.099787656837071 3.048579012140653 8.888439901029692 5.441458245825654 1.4664832847947036 4.881857195680194 1.1615383928693073 8.917589642078454 7.653104870819395 1.0921073856481383 2.4746850546815717 8.066245128995519 1.8565134642930583 4.05351202939548 6.0524736153560195 4.350770880347553 1.736566156714575 6.486777396770114 2.295765637745917 8.893647651073412 1.5660097513491054 7.429670425446087 2.9791459927828234 3.7527497674027273 7.9082850880804045
    C17 7.181471008316953 1.0159237906771055 6.532512117976714 3.179308797222852 0.9784714205533716 3.5731978752134728 3.5152236112096458 6.560389984379512 5.291773592844282 2.9231674805486296 4.307496537522971 7.336419585363265 3.397686250288195 1.99835183246852 3.9013415339154385 3.072832332203928 3.559116008502708 4.165905865652134 4.412026804040857 7.095724607074016 0.9782416977975479 6.267671191040031 1.2408966221292843 3.044050978125023 5.932400572275315
    C18 5.849285403084224 2.43316890178854 6.1301590276832885 3.7188028280147574 1.9002190870995237 5.015553004602735 4.356180449307559 6.173555532926366 5.069262635425645 4.143646832112238 4.309650834972441 5.694115909387594 3.3774546902917626 0.9999886268707786 4.595237749380566 1.4138473671079923 3.702171048742635 4.391542143595222 4.667532531051285 5.668088560814195 1.7541211506871304 4.6128863728315626 2.7752142705898515 4.673121347775617 4.656205112229505
    C19 8.267325662127226 3.081416122773354 5.272251487663069 1.9267787253413555 4.95432642238563 1.5344309746939022 6.842290115821693 5.253370679818701 4.059333917268689 5.790405535596456 8.24845540791713 10.43721006491825 7.397713226809557 4.630306902377036 1.2958698758015499 6.328574126856417 7.478502744737946 2.546986670685205 8.194949601449897 8.520073950902594 5.01228258478975 8.981067659640878 2.9890047677682645 2.831522948148175 7.099294428863735
    C20 8.128538497660012 5.830763374392801 9.821296661919668 7.651755145206639 4.087067284203097 8.32111248147797 4.255923613421654 9.874276526135354 8.909400321229135 5.034727378539687 2.3090623384497335 5.037180424033099 2.2425507301135226 4.891285890082761 8.501521177786525 3.6491114450585775 2.563391654958962 8.356877608995202 3.025697314772283 7.655146201342518 3.9816650506304176 5.201630983836834 6.0166554786084046 7.4809591217023925 7.281955476070367
    C21 0.8928469386984617 6.5686524437830425 3.5861960246662825 5.501198003408919 7.050364344090218 8.260600057445144 9.563989613219237 3.6567517150565614 3.8401578033862647 9.288732877999262 9.172529079510852 5.227098602666473 8.328900860727437 4.466183175290671 6.113731341558783 4.434447612211335 8.71676785446948 4.928421552018641 9.675475279666951 1.311212588962372 6.92120528549042 3.60951386924347 6.950616462584498 8.707446895691792 0.574060637475463
    C22 4.761420202774796 8.121555791846776 8.441420507418234 8.565594916353067 7.308825158705433 10.618215167151206 8.88350101909593 8.511263267403994 8.210729561641179 9.242268437778403 7.38936932070363 0.20558856452706634 6.949043877710409 5.864719495071088 9.433956700250235 4.316155089079677 7.366214676220184 8.611513779564895 8.088158804889249 4.088236766699039 7.14759168681251 1.5732109412564808 8.483262450213516 10.394969209336399 4.747701246487553
    C23 8.956095627950356 2.7177491954354682 6.303366886007646 2.5940696175237936 4.442457730556367 0.3903881692277608 5.997320036147854 6.2905799877623085 5.0398353494938135 4.891513282714592 7.597829952122188 10.618765573636455 6.807371210183247 4.748281151898638 2.2692763581068016 6.37565015080916 6.830437675079722 3.479233606619123 7.461197487393044 9.138855567649493 4.532027857080339 9.269914715835082 2.4890741168436357 1.7458550855373447 7.7385530393291
    C24 3.5439961647040006 4.473924177781542 5.189693079265573 4.597287854225101 4.325263680384016 6.792429468013528 6.664595809328099 5.251421741327203 4.5766980391119585 6.559584855153943 6.118966103134806 4.013877925610999 5.289820260713479 2.0907487466287895 5.466279698204626 1.3839654208876693 5.686567088794012 4.696977136907287 6.637256664809125 3.2772214097323267 4.175948905039255 2.5329231985084593 4.863521620891436 6.78837785862818 2.482809571217589
;

