set P := P0 P1 P2 P3 P4 P5 P6 P7 P8 P9 P10 P11 P12 P13 P14 P15 P16 P17 P18 P19 P20 P21 P22 P23 P24 ;
set C := C0 C1 C2 C3 C4 C5 C6 C7 C8 C9 C10 C11 C12 C13 C14 C15 C16 C17 C18 C19 C20 C21 C22 C23 C24 ;

param: f c :=
    P0 1468.6082347955994 167.85654731563335
    P1 3666.04956301236 1208.1226347467718
    P2 2755.911657432407 632.4364485210074
    P3 3073.7418655381175 773.3430129737505
    P4 2775.7434521345513 713.312087552607
    P5 3011.1329953561935 774.630571984099
    P6 3862.987481828128 1352.2070084030568
    P7 2420.1429545038995 533.9367124176777
    P8 3059.197693216206 815.6590711338112
    P9 1930.2967920399399 301.9083097589365
    P10 2144.394625577351 375.1761681255786
    P11 3902.5306324083376 1248.933569970259
    P12 4033.3447609734703 1474.5127709966828
    P13 4211.54965383396 1504.9321693484558
    P14 1586.6142259665583 225.68423694658708
    P15 3859.341745805071 1443.3987573659092
    P16 3277.660653779504 990.3299301085801
    P17 2816.1166149772725 654.8108630691515
    P18 3350.863165917021 1074.1071401558127
    P19 2849.615726049309 669.0618714739031
    P20 2833.063436296371 757.8805615386619
    P21 3295.8402101605066 863.0007869288307
    P22 3445.893084092128 982.1213164847296
    P23 3921.550219930813 1517.1521489285637
    P24 1649.2208035054598 245.3479032843955
;

param d :
 demand_0 demand_1 demand_2 demand_3 demand_4 demand_5 demand_6 demand_7 demand_8 demand_9 :=
    C0 28.40625216470789 8.427159045924913 29.307310600575438 5.4555024088993935 11.535274999278236 12.771642500597759 34.20503600554087 22.233177415354035 20.169303285280712 5.465367548191011
    C1 13.78050242415911 19.96722471035835 22.728758800747425 28.987667713150095 6.7575450791948235 12.723352242138573 23.657491065075412 21.446990907330342 32.439065358556135 8.623665366759656
    C2 24.609316120491727 6.012685508347728 27.717566496285453 33.529016958413905 33.16502774049644 25.35163458695953 9.809384577341806 17.54240353531406 24.599897820686067 12.901283673683452
    C3 20.805325633208113 13.339019921773705 15.228331549268873 7.566106021137406 13.29337013446784 30.724709223823396 6.338317310260076 26.991369825879268 23.15655750714611 21.63736336932671
    C4 13.026057478530467 16.525299765261895 29.877183650776114 12.49797845736277 23.309855658884615 15.600051255622807 32.90925543384178 30.427852394837053 18.46904064408782 32.90375496518469
    C5 25.93315062107574 29.815365515298353 18.02228030541739 21.28413668926617 14.42079602628051 26.54957891510421 32.35617978674786 20.83269196708624 17.56550689706876 27.285619773193158
    C6 20.103362076963073 7.534798844096073 17.82647567598805 15.125970595571985 6.921304637291917 23.017365165359568 5.766058587930819 6.542945118345768 22.0802676292854 8.791938543943791
    C7 6.619926023476298 13.372774464169346 26.876784025557296 16.838036113665893 10.394117293806437 15.491889516077222 23.271144377770938 19.169874785661193 29.803517532366136 6.022270061193082
    C8 32.01276132706565 23.292431768164693 27.062434647768896 23.466417478234295 27.97930489184015 7.3243742824207105 29.24102641189972 20.73344212479949 8.758437765922459 17.94259593425649
    C9 26.165050257123287 19.860724960010156 6.713557796343422 15.850846007931384 13.284330277042269 18.314380522038615 20.323884274609675 18.23052242031828 21.12847691288827 25.701396949649368
    C10 23.6561534150409 30.883184309882264 8.276306141904179 24.776898305977866 31.07166115081212 20.331065523054498 28.426212536255285 13.075481622298863 28.2934481447784 34.698004515397855
    C11 13.393515365968513 16.539897496406674 16.643316884146685 28.47278862886826 8.816674402524288 12.109361336538623 20.245468121051893 30.080268213579892 17.22852319645251 8.971332650236132
    C12 11.10664805294183 6.332466503481964 26.63891075532273 29.307784908614437 23.910145351550426 14.773671382002359 22.444594959804466 13.791959265858571 22.54266008717626 31.006399660403208
    C13 9.113944658955635 11.171903620509871 25.33908574746962 23.23997527636717 9.407053561040573 16.140780857757743 15.321582393334767 12.320869861994197 9.144204617786182 32.558690098251574
    C14 34.278152179940406 10.532803906483728 30.755422783842192 8.729192385128547 23.53847913205135 29.680788296688256 11.446061591544677 12.292200281993882 12.808368607429252 32.127811779609026
    C15 11.916077801199076 17.932548939993666 33.13928221198053 22.05323226618241 6.487390227468115 17.479090110523963 29.921803083126154 28.02930242809834 13.606555687242402 15.631033136126321
    C16 27.25725976071484 6.567789538294624 18.90507610674985 14.62968174427743 8.433396888062543 24.256610816674378 5.977985856769829 15.858948729386334 14.415330168149772 17.069525203912413
    C17 11.323088956493448 14.154442183220258 22.178076591913445 12.935526336936505 6.155053343829993 31.275594148729233 26.78779285030246 18.67463521245488 7.445178719275322 21.708223426662737
    C18 16.17169955184551 21.246475002839336 22.04909163020827 10.363531882422121 25.53324151934367 9.2923844660881 16.432689896809716 27.445648380904686 17.630677708616687 26.359505346430513
    C19 29.491391283558322 15.43413615313706 20.567385835968118 18.881728056952362 30.817108327219383 14.796216251023129 34.93462554720314 8.462507581652654 34.49743251839248 8.570889309825365
    C20 9.258836962849124 5.779763067525774 9.876466086575018 18.197278382376737 22.39672146379972 28.644933855597735 7.353349169011269 12.231394300984027 22.280352524116687 31.922789623897277
    C21 34.33729102502135 23.262178768473433 16.438731059580846 18.993185021803622 6.258667607622082 15.049573550022874 7.319343229820986 26.983949905099394 23.97889298530845 31.95061676278125
    C22 25.950258174600616 31.79508082633129 27.369016109245955 33.97656478555284 26.520730904032085 17.244126550270366 33.06553609497534 31.406803371740686 28.17934927301948 22.744340064098857
    C23 24.497242591722006 32.68096048269217 32.73983416815703 19.40623729774574 6.8243860345416785 24.559346372198075 11.737430222049886 15.856434795191154 31.996174047868482 23.498887816318522
    C24 18.61288956248275 32.22348748055087 8.95618138634695 30.32975991590509 26.436486912959325 19.120551036852497 20.104876607167636 15.559538281066073 31.292170909211592 34.824023110161626
;

param t : P0 P1 P2 P3 P4 P5 P6 P7 P8 P9 P10 P11 P12 P13 P14 P15 P16 P17 P18 P19 P20 P21 P22 P23 P24 :=
    C0 5.405981807047788 6.285511054175065 7.084982014999093 7.012625789857289 3.847627297319089 1.511547107485215 9.176525749138557 4.811565267446239 6.3134673020692595 1.5781449400504939 2.2985947098371433 8.422141571895846 6.4500067984415965 1.5638831435704583 8.905956876499294 3.981645208684051 2.2781536131693656 6.682334572237156 2.197997312942938 6.069145215326176 3.2516333497953456 4.757169841015556 6.956151780115464 9.122596616169215 7.358718519817696
    C1 3.269270619539262 2.5868805907893613 9.296434508130249 2.520490513731038 6.590391697763323 8.6932535153392 0.6711789977837477 8.835057568879604 9.68138369015424 7.096636030758986 6.526420108937613 1.4301261525347344 2.9121281940667316 8.646836057037833 8.561592979641198 10.450344690691198 9.970656337408364 7.1550247039956325 6.484966147134039 8.918671023571163 10.331389240666095 5.3542931784060785 5.868320407781332 7.142097208669743 1.4039119864145257
    C2 4.623369376712265 3.8445525400644915 3.510197892580526 3.9788000314044547 0.7555532308535855 3.643412951438192 7.056517966601957 2.444874586408963 3.471581964808643 3.281810675113515 4.424570050504249 5.531484802567278 5.95613704217207 5.815135311931721 4.49198139984683 4.32635559813178 4.590101090364447 2.193001982625586 2.931234196686825 2.7766499624149406 4.487114712426451 1.0517231241138771 2.3893872029059433 4.51980637211903 5.825759977809065
    C3 5.045180159382715 6.265971394680675 8.13865534195427 7.090363598237594 4.609246850201161 2.719463798227903 8.875090245792872 5.921536043565611 7.439008891374808 2.064443801038016 1.7764690190529855 8.371707680202713 5.895983078371712 0.4733625658922129 9.782743859660401 5.216515587968706 3.480906269423359 7.508208166531088 2.5285921960052327 7.133839631902756 4.477729163186571 5.274554128326361 7.592355789655175 9.821863582167982 7.003321075503873
    C4 5.751167688966968 6.3037828946428975 6.086501884899802 6.922105001285011 3.2188569668014813 0.4259224717460547 9.380370202375888 3.7799132555343773 5.2598819454549215 1.6887383357472794 2.9994161595638213 8.415816160425582 6.923630749907733 2.6671477938568557 8.049688179585122 2.908170074126021 1.3865863587993985 5.89668125408033 2.2631912192924983 5.067743305931418 2.233932652337511 4.3343395605455495 6.346702105782517 8.423931850105848 7.64223760152899
    C5 7.096081499302269 5.30036554934962 4.214650449778605 4.582300573500915 5.144401876177121 7.98998556308131 7.1976624774097155 5.540473148729213 5.227916856190893 7.587540103320556 8.432862297685993 5.309234445309066 8.07377161409335 10.115016049281039 2.138621773301676 7.949636726535287 8.779548154029973 2.6285618017685857 7.129486837704155 4.6069385653828006 8.40685780754957 4.3983177901248975 2.0495143468795587 0.4282707613733056 7.0845768196773795
    C6 7.259268519723324 7.648259106263299 5.956228307259539 8.179187072661463 4.0948251684210675 1.4697187668093763 10.804388131122721 3.6730536935512093 4.937094775136962 3.2188946208150178 4.544233356879805 9.715583787500345 8.46043654648887 3.820792922091358 8.251538795846272 1.8479521826180298 0.17997279443747138 6.32228055848138 3.7515077600005178 4.978611252848259 0.9954719308843625 5.370917770998048 7.054941570224108 8.929218148850342 9.114666298648636
    C7 5.925469976256456 5.831028358060156 4.059426698452054 6.205414967191894 1.9241619324714667 1.6077997137798996 9.08146065069426 1.7681545057567105 3.276715502438799 2.557086594638387 4.143118025207198 7.77205953726332 7.247134215268458 4.571131248511317 6.09053001644015 2.0420631463961314 2.1768784169400686 4.04534276808276 2.734069336274793 3.040717111624301 2.0247982746516064 3.2508523344646925 4.748669397644268 6.6412156985679385 7.56863830215969
    C8 7.569694535802868 6.043333152517367 2.294354139639436 5.561527074575495 4.414959446315862 6.944681703879749 8.535785376060641 4.007309775699753 3.381463619316283 6.968990995676312 8.117364379398895 6.65471145154617 8.740673901323838 9.483041101697602 0.7887627733675612 6.393556425404708 7.510819058531015 1.5169659881437725 6.6409661886382025 2.8653409669945873 6.968153465258251 4.187611698479988 2.1966192752610523 1.7079344512976025 8.037964419570681
    C9 1.2707840259027317 1.3491469784884733 6.817537064424948 2.219469292836073 3.28707184246962 5.050830384727831 4.293882911543612 5.692292728460739 6.849326192069314 3.469265716727169 3.2025049408976813 3.4636346587343003 2.579192459720474 5.323741078893188 7.088727727927795 6.948597143416536 6.332400035341856 5.014241496460963 2.849191591003446 6.153083634372935 6.746161438887913 2.3896819520347212 4.212574152474875 6.318258392626221 2.6580112668630376
    C10 4.369022114596027 2.534563772493738 7.153355548094401 1.6171160616448221 5.481056540494178 8.180639381157578 3.2034063896945284 7.281916773221312 7.773851174323909 6.961622053129053 7.0210818574420255 1.346999571403239 4.838893970510498 9.11028816442848 5.972348896651255 9.321911361262478 9.346596948448223 4.979761646974332 6.343468211484279 7.007735543484835 9.427189657407412 4.161279673968669 3.5996054822370067 4.431417376742496 3.4910253287883206
    C11 7.1317298712459545 5.393113660063288 3.738884491323822 4.734064871389533 4.876086337788548 7.676454880132048 7.471558468711038 5.122837760069567 4.76145312212934 7.36363453284225 8.282439266402664 5.576544813984069 8.165464114687872 9.898835972187035 1.720245766009563 7.535658257558495 8.423077934868084 2.232279974517191 6.931840548465486 4.1530558146471055 8.015989819662204 4.233390484707024 1.8758308015241987 0.39893678003190164 7.2487064939321035
    C12 4.695375423454836 6.442420372223328 10.161500647194906 7.373701978098359 6.316035031283345 5.141519887220754 8.249580907907328 8.099086529849878 9.614822033940795 3.930314639313894 2.5296440120889225 8.299901253576659 4.969952745241699 2.3543032473357264 11.43015438441359 7.692879507310568 5.990418581604904 9.13421312621409 4.0627364143865625 9.199540854366889 6.978095944817683 6.533465392270179 8.876810423245532 11.130339346811997 6.402556733432752
    C13 4.021381940442096 2.2509411905754035 7.399454811328142 1.3885326177953186 5.491522370453275 8.11111777488197 2.7953587881925164 7.399258616121878 7.969178775410235 6.819667045500346 6.7865095517382334 0.9149777719977874 4.426482389543574 8.895827496520603 6.3315510200517675 9.368445123805902 9.303483613470178 5.221095074894949 6.195464827689822 7.199887580555099 9.433454000636289 4.164368192191396 3.8523278718452882 4.829238068722911 3.0554499261293904
    C14 8.56769533196787 7.075218260845921 2.1373782744790026 6.600784655642792 5.157992897146641 7.457995294486238 9.56267240345743 4.28194676559426 3.2982188515033113 7.686073898998731 8.927667170820644 7.6769758083537205 9.757782142350099 10.158769502681578 0.6257006262531701 6.551580910967376 7.8731329369922065 2.3624626051459954 7.4138438399575515 2.9977912153018647 7.21498088114209 5.103469794795274 3.2302570049835584 2.37814110716882 9.075811908804036
    C15 4.557669411097219 3.6661558299522183 9.948115330795442 3.333763170785757 7.599865406120363 9.865234273002827 0.9002932481687653 9.737183596782929 10.450607514352487 8.316042142948962 7.806339943606442 1.821001452439173 4.1504057290427685 9.931754714519919 8.893908891399034 11.496702086725229 11.13053623485066 7.7726264196546335 7.6968631220893595 9.680746260350436 11.433567421732008 6.311361484159249 6.418918187593005 7.325954889757128 2.680563753545464
    C16 2.5598162032749476 1.5089511646669371 5.621489672021575 1.86970349276222 2.506298781164522 4.923315592784093 4.757897463697475 4.780007144622994 5.775841314594468 3.6688795701698886 3.948338330659107 3.418754385888674 3.7970094526042617 5.930539520716104 5.771510432819955 6.393222594744394 6.135439453366452 3.725837132865006 3.0579999097994683 5.0440319227902455 6.348327928446277 1.295278153764621 2.8992343040485453 5.0421953354164195 3.4850983760485192
    C17 5.487679249914716 6.296036155398199 6.870060324695894 7.000614300228964 3.7069052044001163 1.2706371486380323 9.233712294182938 4.587389090727246 6.084669915307208 1.5594010305061388 2.4476012260895423 8.431445081960149 6.563418319687441 1.8076205782508004 8.725328165182146 3.7368901650620465 2.0509973482016215 6.515696746636733 2.187677391944678 5.852972199921447 3.0125023382208154 4.66486449713499 6.828993068667254 8.97805608492962 7.4310744470253285
    C18 7.196760260764334 5.371420343615471 4.505586600705072 4.618431052805905 5.40004251019997 8.259806358233181 7.137415020675651 5.839724659423346 5.526030527447505 7.821762819861871 8.632159421874281 5.259099967879822 8.138313868852189 10.343867250345994 2.3568253418876077 8.248004307165385 9.063446944459347 2.9257296207792822 7.3525478792137395 4.907880085177434 8.70033922032116 4.6123424588216535 2.2837678739942007 0.5928236522028711 7.103791224106572
    C19 9.60532558199924 9.503234314687683 5.110227345550902 9.795301519389412 5.509903108507384 4.136537286762337 12.760892972090252 3.622614129720914 3.954144423056982 5.848413873326264 7.356184070766628 11.360680510103965 10.907207092984681 6.847530799214649 7.7197107167848324 1.6805897948664326 3.1407361094153035 6.479779188344562 6.2316425184559225 4.454935493399868 2.1744432927158828 6.803617656120541 7.643182345421405 8.92673991766991 11.275153124701411
    C20 2.116334904882962 1.951019867443674 5.998786358827662 2.6198892803310314 2.366853043340868 4.264786953223653 5.1195563132766955 4.776376839535032 5.966633730987905 2.823979182363577 2.968232677586935 4.06645450136891 3.459235223915098 4.975819084838469 6.49766468870747 6.047601989991636 5.528031232426594 4.320860594305424 2.1968659676439177 5.287511555421105 5.879621767789905 1.5953237643484932 3.7132106446860242 5.924493266941204 3.563366569257718
    C21 5.6626160303136714 5.015055261122496 2.7888502386493674 5.151196690393811 1.2342831073807814 3.230878141770236 8.234143566284724 1.2696995773029918 2.4554694591190693 3.4803974328389344 4.888374568534679 6.697399527005709 7.009461841275088 5.890379989120229 4.434899120151516 3.2861647509738345 3.905442647401352 2.313877596198953 3.331369334536834 1.8709009481769803 3.5868192825849747 2.21922742559141 3.0838624987142804 4.906786288436827 6.973979382682298
    C22 3.346527516120722 2.8762774955507053 9.66213483179526 2.885678815151997 6.878376110565023 8.897582371955231 0.4859076153568453 9.151220339114039 10.026889504928679 7.268078570598703 6.617675402780066 1.823948016308174 2.8245694510000243 8.720312171337111 8.956273428507108 10.716239387981542 10.180633002400967 7.528144135467216 6.6647772688199955 9.266561865283546 10.57260921350655 5.664252859910856 6.251046585402459 7.540084593820678 1.3996111499436328
    C23 9.543741584939925 9.498185552319283 5.310624364073826 9.816303197100746 5.519818638970118 3.99889915190202 12.75349215912252 3.728586906603599 4.150894990361573 5.733371017901188 7.220347971861202 11.383701338323684 10.835550011689204 6.645025319941404 7.914640892890946 1.636050604600257 2.9515274572092376 6.613150152233008 6.138151711128893 4.621435144100411 2.0255448135920915 6.825833766788221 7.748799250449485 9.087497228821462 11.240803826743587
    C24 2.4437623320521165 1.1746120711609649 7.907667416673593 1.1619367561887515 5.15874496192322 7.373814111803712 2.1109279008869453 7.391437489126428 8.254098559963156 5.8559742492015845 5.502090883769722 1.1615401951791218 2.729545782657072 7.642165057400177 7.357862681009097 9.035189999536227 8.636596000689176 5.793473377385129 5.23141588590044 7.494503603066139 8.946780088716833 3.9117165924616777 4.560240335298968 6.077741714404229 1.4343762637062174
;

