set P := P0 P1 P2 P3 P4 P5 P6 P7 P8 P9 P10 P11 P12 P13 P14 P15 P16 P17 P18 P19 P20 P21 P22 P23 P24 ;
set C := C0 C1 C2 C3 C4 C5 C6 C7 C8 C9 C10 C11 C12 C13 C14 C15 C16 C17 C18 C19 C20 C21 C22 C23 C24 ;

param: f c :=
    P0 2597.3461129359894 655.9791034294619
    P1 2309.8578057674754 489.3804040610596
    P2 1146.470081134194 111.9744547901101
    P3 1512.1015702436878 192.81651273805576
    P4 2938.984718251798 764.8164909633244
    P5 1230.772291512199 123.69544974889072
    P6 2780.8313333387373 637.7372616583162
    P7 2374.6386597561072 454.2735042844771
    P8 1927.8360331023193 328.65462223392484
    P9 2733.471612374639 640.5993392552027
    P10 2544.5468630350947 611.3538080936876
    P11 2272.8656409306473 503.6530805333029
    P12 2640.792087653193 589.4190558219807
    P13 2887.63919444728 791.3021792844132
    P14 1851.485890840768 284.63301944944106
    P15 2515.7135293734364 554.1339198974383
    P16 2617.65100959275 646.0171739436258
    P17 2254.9693678023864 428.0150691733156
    P18 1786.9601478740612 267.3963473319783
    P19 1723.070916916155 269.10344768764855
    P20 1430.9293897716034 169.45583905115967
    P21 2337.7937361201084 459.3314249781847
    P22 1379.6726632974905 160.95770970181533
    P23 2527.4942107574643 551.1076754502114
    P24 2325.061945929444 455.0100155739765
;

param d :
 demand_0 demand_1 demand_2 demand_3 demand_4 demand_5 demand_6 demand_7 demand_8 demand_9 :=
    C0 13.616298096037921 13.030273777524233 25.68913335420635 17.924695750512583 7.804488764885279 33.039644812844614 30.042391870936694 22.568614106865418 27.110107325077706 19.71525062253587
    C1 13.503385174124258 16.125022364116063 21.616171617744747 21.87305830786333 32.70701488182906 27.599821638842478 17.954675738646717 14.90147871219848 21.00628680353521 30.137042896144173
    C2 10.311802348379555 12.64433540923324 22.038531901232062 25.691878887176873 23.353221070493554 21.688605851517394 25.637513860300476 18.591654782905536 30.715273942015667 9.191372872040432
    C3 28.071606907345565 7.965037957983933 5.043815556396375 8.095772467216614 7.805304707307173 9.928830644540348 30.00859005030017 29.86326619920529 21.801945450750367 28.700844024235266
    C4 19.19701899268371 30.860072223460783 10.802574125089913 31.87775920413339 12.509500337637856 27.16702098343771 9.772066132812956 22.828087776790806 16.838211545944134 25.96326559102149
    C5 27.87900005197354 20.494415789722204 8.253987073738633 11.939132975951274 22.94970405181298 34.42114702475215 16.34258426896247 24.815498717269364 24.489658381192907 7.681492757340163
    C6 6.9588509022782254 14.3065153240568 14.190141645270756 30.996546680601703 27.392532072016667 22.1511267173353 10.141254523665229 11.467627574567071 26.373469249370455 9.434666624256977
    C7 18.632871660853098 17.111442168123922 27.924866473268423 11.148780539724873 33.14815143367143 25.018957840336398 6.0538851916111245 18.471757194001896 29.501130462114098 18.270429388754494
    C8 14.095870698448271 6.889033220817712 12.535031369930563 17.370796248684982 12.236299971678228 10.776338764742365 10.252872262397325 10.164050447407828 6.584950950284546 17.663672280517183
    C9 11.729472081961424 33.71462394702627 29.137795777307797 34.878681616175626 19.280373980625725 29.669420754228717 30.2872313319669 30.100700883876502 10.393777833661147 24.015634256614657
    C10 11.027720202899923 8.213574567711152 22.585770681381234 7.178118922400881 13.312445031346785 12.02658669743128 17.610699633179102 18.352273690516213 31.273972518399454 7.40470649400527
    C11 30.915434273097418 31.9632700717777 23.865411296923533 25.428822559812943 10.011131910375584 6.356125041642834 7.544819287453047 14.47190603469953 28.968286840564097 27.804187831694424
    C12 30.184039058573962 12.562963025952163 25.09508844656721 34.277818027563704 27.719791985124836 10.381746931937943 9.726029756319187 23.18843935746262 12.214487323463246 18.826976157270664
    C13 33.90524530200546 12.328825836867892 33.81961962615825 18.23843525017 26.859937758674455 29.8183238228569 7.196390812189808 32.78639340402508 6.522745156679147 25.440168144474463
    C14 13.089184796912583 33.73036891261792 21.956470213239342 9.071637366875741 32.78684649811241 10.92934000476334 17.451585182943877 28.949063369291167 30.74909469639541 34.782556633776245
    C15 19.41050862235553 32.94114877789279 15.706625155230595 27.140734243661253 19.68648347640009 13.849999039066235 18.03855379579748 30.06871112138653 21.31011535624139 15.130444622775936
    C16 18.143878706873927 30.675504717289087 16.397645429936304 11.554113709377567 34.76770867772964 6.838254778458461 25.990626174047485 10.888089479315912 7.225187921858146 5.993183724316831
    C17 9.004601989048519 22.232410117759105 23.73857673919247 7.905685537297099 28.87166859473489 18.484010374313257 9.985675424219687 13.86602655996221 21.170086537065497 5.345888461183209
    C18 28.430234395210658 32.73292016906723 31.707712094087317 12.69369617365997 31.624048202651167 23.559386387731514 26.410910379945157 28.176742017741738 7.50703647861897 5.819654190980846
    C19 24.35661073458997 32.654824446800475 14.74145167599695 32.54610365349791 8.002806325713584 5.9447270150205975 26.411669229342934 18.946051655839586 20.75227615331854 24.94646408205111
    C20 16.537449483321502 23.825580067270252 30.7338932162854 17.27414543634894 20.111013632166205 26.772315333539524 31.514859127359482 7.730742441428765 7.8060958369802425 5.72621633027921
    C21 34.594793531711844 34.32355236895259 15.706419603090843 34.73946748981123 11.879876835229481 26.721856788731426 20.925974089644892 22.4420755614372 12.834205776171949 29.287924481128908
    C22 21.552396754107857 5.1011251246399345 27.767795825265452 24.290576783260605 22.270243900493522 15.999272382363056 32.02741569251992 28.898053995039525 21.4672228998348 5.910422224618598
    C23 24.256654963041004 33.7586455090873 20.974579602501358 31.694046955519216 5.002787357666874 27.69768168333911 22.750487528512263 8.80336833763814 29.843303228537003 14.674898273853344
    C24 9.340765053739634 14.821300305834363 19.79451646527149 31.79308210516373 25.891372490441533 27.83277816316343 33.85673319931429 6.6137658573101055 6.320556870338477 27.726755680635133
;

param t : P0 P1 P2 P3 P4 P5 P6 P7 P8 P9 P10 P11 P12 P13 P14 P15 P16 P17 P18 P19 P20 P21 P22 P23 P24 :=
    C0 3.3604772950345723 6.695669832427588 7.332436740278972 4.606983425550015 7.583396799622536 5.946760494279292 4.687491351498865 5.97074749477668 6.137068802264928 2.5896808546153145 4.915278231852765 7.604957743180548 7.871001359268419 4.023278879282638 5.77890745267278 1.7310620235642173 1.1034431207727702 7.985236580239718 6.175349307595752 8.480413766648189 2.094368274518723 1.6342938889108207 7.5207094692866026 4.470723384286691 3.844811201890959
    C1 4.080406782617343 3.3922212816275312 4.10088281918871 5.502321476337349 5.895784667207588 3.328879288846427 4.2590050242598485 4.937921084499294 3.0346700573531464 5.762388557193685 4.539034272936754 4.191537034928013 5.048852789451487 1.6259858584564486 2.790727168410521 2.69770450040909 3.0637095786315527 4.194151431059496 4.2725295239770205 4.8009420818853314 2.2068050027947756 3.1367470243308277 4.748739183888199 2.7687686444080493 4.509391689273994
    C2 4.276843618658864 2.0253460215359294 2.7351436118195904 5.514124400684512 6.685545399805301 3.9646622070588218 3.9613739496464233 5.991597083127019 3.394719638635263 7.062671464069323 4.210140673422812 2.8324834809503594 5.357204678130268 1.357043290043667 3.2890508828555283 3.502189031394523 4.328759899166413 3.280829970601289 5.113472246732832 4.270597388104295 2.9973319846514546 3.9009252493643762 5.1159204285943085 3.875996652887612 4.593182215204374
    C3 4.628019192253036 0.9425798743805969 1.6507923263978808 5.662092920157802 7.498523876893857 4.761828516734136 3.9517569935402888 6.953081590359222 4.076562987576263 8.081094223915832 4.154614679246712 1.7940827429138486 5.907827564945891 1.8974195927957505 4.052360681824477 4.285390320398956 5.33836576710529 2.929125230067605 5.981142998017934 4.234152856575574 3.8043908345502975 4.641160977530872 5.712906714769575 4.885985403769593 4.842244782954211
    C4 7.338016878688453 4.068163354601564 4.580596341671287 8.672866971498216 4.397187022072556 2.0255779226952484 7.177204679433711 4.547143639571911 1.1886456566907686 8.253390599788514 7.428384583031011 4.226096709490804 2.3651153024590763 4.498967891810631 1.503911395347667 6.041498293086486 5.9195175988337585 2.214078014113503 3.2486230412124746 1.7063574574732434 5.559415509940085 6.482441512573996 2.237319833042981 3.2836667472614502 7.714482006858955
    C5 1.7558841277430672 4.834000344643455 5.040759390789342 1.3774119811224317 10.824315204794141 8.29127098897827 0.7121708927205301 9.668552952223415 7.911801270877685 7.637762808549916 0.45417183351082197 5.594226296619434 9.9278747416021 3.4354775674795106 7.717489984897471 3.629218141646521 5.543743393680863 7.5215359997703555 9.19945207763527 8.808956929770032 3.65171096833022 3.514204796801411 9.652854386361605 7.554089154961645 1.3491678655725725
    C6 5.922713974714671 4.696494900971564 5.382629477297273 7.388730360120367 3.913949954066536 1.4173041685764065 6.236033453355873 3.109637570873053 1.4825952271994425 5.841619975694485 6.51763063842524 5.274814296858647 3.29653183147308 3.598604998297816 1.1184495692871714 4.208168359586853 3.6248279189468153 4.216265464002325 2.2944833684177346 4.118766150572705 3.8074120568887766 4.634050342893612 2.961707554597818 1.0940200935138957 6.387665929357197
    C7 7.933166186333366 6.824072670660311 7.477954629975029 9.423166436830414 1.7402656718416856 1.4552412953361822 8.41833611621897 1.0844518237539362 2.3156085723482973 6.181706114035869 8.702916235340119 7.28331791260302 2.514008588938261 5.844509432708316 2.1299780173471428 6.028732575830359 4.831998205374389 5.6645500722046025 0.3261316276286477 4.932340523665463 5.724358154555812 6.409674432449375 2.200557472700625 1.5926494749216824 8.427411562021547
    C8 2.5274436151991426 4.544055910875316 4.6420712016047565 2.1242287474880177 11.136028033472417 8.527646472315077 1.1611692252306625 10.075992988719955 8.07498948863818 8.384852408239663 0.9091487518702274 5.217251103709824 10.0696475128695 3.6354469441956523 7.914412993040142 4.268997001348524 6.183155870658993 7.3322246731176035 9.511921466748285 8.704897455723081 4.219527063745837 4.207213120648429 9.813729455090868 7.928518955687537 2.159425908706297
    C9 4.570839448219886 7.047241989287084 7.730573396682692 5.900241942453116 6.444399342764297 5.152162913990455 5.772629483167632 4.767723744170373 5.50752948424979 1.9761541162423786 6.023430899653604 7.910808697043369 7.0370507770243 4.5296112918791405 5.1325501361553165 2.6669819538427966 0.8212618287098795 7.85383710675374 5.152373511671763 8.0973999289081 2.8307323517332423 2.750788063964278 6.683446227137471 3.571776478048254 5.077556123390669
    C10 10.184666011765131 8.044610002221397 8.592250580929798 11.656390391421848 1.2576545826358052 2.8880146692472684 10.471075371235571 2.8925825572067367 3.3879342967556436 8.595474043140847 10.748814274004667 8.247924148545131 1.7176616236911202 7.775521685601914 3.497770243894505 8.382615372993499 7.318095413817324 6.041444246960652 2.2460472523900537 4.751015852986869 8.02763010413721 8.78583863370791 1.7846121493337508 3.9869406955330473 10.655112703121288
    C11 8.989025391125475 4.769875511906054 5.033809479495091 10.216381255595174 5.463555827806271 3.7745293980527386 8.585739617382012 6.119875595009823 3.0727721976257416 10.271020287765179 8.807791894789895 4.514931323485538 3.012170050848921 6.072499753704445 3.4371098816495476 7.90879497479759 7.928399096145603 1.9703118669817707 4.7807582375199935 0.45071699275387206 7.410643936295741 8.345453744217505 3.13285984399918 5.2298511415686395 9.309065109742708
    C12 4.660309653092799 2.1436914022414517 1.872761857133711 4.992354488123255 10.173543228243911 7.436246327373342 3.304968154293312 9.555075883358516 6.751190501208178 9.692286524541217 3.3256302178634707 2.4471506204646283 8.5351091317302 3.3881875316281778 6.728874137544913 5.433861925560192 7.046860919579084 4.913460543079838 8.641333623821506 6.45354355420252 5.10032585133009 5.620991208601296 8.359935467735571 7.4303897493164115 4.5785158904624
    C13 6.667814498988216 1.777080207768629 1.9697323990963553 7.674928380284497 7.265380121681696 4.711030189127849 5.933635053316549 7.205214432611776 3.8637548277184615 9.589956960972799 6.113961300665797 1.4687342025267673 5.176202285120079 3.8701603576847114 4.027779161334189 6.17021103852215 6.902580209839765 1.0975798862466517 5.995903352284272 2.660446940503534 5.668341826123325 6.558661441732806 5.095755137812259 5.465704168414729 6.8776252009765235
    C14 5.2668177105131875 7.455233317029348 8.151423414140787 6.6045916717809385 5.998740403924238 4.9855413314577754 6.440269306033598 4.281676283386771 5.441006538598875 1.8189988062580622 6.695721770403193 8.290877209084664 6.813151464889259 5.035112493996787 5.064046220874305 3.3314479333753466 1.4251429460836063 8.029143577133455 4.81757836742024 8.136459440440456 3.449078001538224 3.441881541187832 6.461604584335072 3.3788903595645396 5.775958912302923
    C15 3.025582667258277 6.855664103461814 7.46289857451488 4.155573863951886 8.203324389415487 6.511430491417272 4.439601122766007 6.5957798754880494 6.66079871728488 2.8606661608342803 4.644728647931997 7.776263649376835 8.43703818047734 4.161930666114218 6.309550637685712 1.7624419863034908 1.714169350971389 8.335614792181582 6.782094482230009 8.916370481777227 2.2197616216969203 1.513439625899591 8.088541908691418 5.064053868401745 3.474934359148798
    C16 5.403205339216227 0.37274844368519533 0.9112444332505482 6.315808981599052 7.909924454522923 5.205287505059781 4.554828386959912 7.540634678439887 4.437119377007591 8.998245688281735 4.721572203726725 0.879611216513964 6.090360013069958 2.80054625187284 4.487138019589232 5.2014119332707685 6.257045041222887 2.4788996024045886 6.471222675153015 3.968117556109142 4.725585365941482 5.547582436537326 5.942764717996797 5.5591742595631395 5.565119608984647
    C17 4.041388400394757 1.1333024222645027 1.605425524128 4.912556554678326 8.34410724904022 5.609904335589844 3.1531211011938627 7.6835423190887 4.969149050673435 8.18915554107697 3.3262888565449726 2.0233069485919843 6.84173018915444 1.7663960117198483 4.913254241888684 4.115802777067229 5.467336240196716 3.7803016496440667 6.79098869711016 5.157686395036446 3.687934476509835 4.407788507053076 6.636328369231013 5.558635358583704 4.175194519702866
    C18 2.910317781439703 2.853223821944255 3.4832489545358936 4.214171257005723 7.371566328276133 4.773928569776332 2.8176138732801936 6.382050737169304 4.386340756622012 6.233788179159133 3.0918632217138047 3.7712284238010563 6.405686968422031 0.20263381705201658 4.188631569880552 2.2589157932164343 3.5164744441440683 4.6551576385653215 5.748821414792571 5.637607448417853 1.7863836677202591 2.615338867114609 6.125886639974183 4.214313775362597 3.259098744797104
    C19 8.523640046869994 4.878839450940528 5.283112787552687 9.838183820683051 4.398475052157934 2.6668003034109917 8.302394905990786 4.988979151246256 2.0292149433945323 9.283325725879724 8.54561735139624 4.83753805088046 1.992914661952594 5.6585686174390375 2.404690170729223 7.243447309075821 7.053561124675836 2.4106881719117648 3.649606703102037 1.079185126660471 6.7624465800431866 7.6844987643248786 2.0560829225149373 4.1734629621221435 8.889559757483308
    C20 1.2573047169059934 4.051804519994891 4.540887650144876 2.6019051758659377 8.66401575190713 6.213126978990261 1.5775551621102246 7.46464736504871 5.931704902045562 5.911431678126907 1.8568476650705894 4.964104397071492 7.950185047838785 1.6636581132505592 5.694591655001423 1.6282589481366563 3.4994854869498884 6.243672097391155 7.044207715474034 7.287404032632347 1.4981973989882402 1.714207321709822 7.652425849463313 5.366305647997778 1.619881731527786
    C21 6.032141680528909 8.471861642330081 9.167667035318221 7.286012658573313 6.362800762157176 5.731901153170064 7.291955035114337 4.616231402538064 6.26812053628908 1.1393496278505497 7.536262546372699 9.306962969035132 7.474884222230731 6.033745020328172 5.894266027590854 4.19831160511648 2.3585134589961196 8.99136269606651 5.376583689079367 9.021710735277289 4.376611597731222 4.2420781148536 7.129702433823906 4.1392137252145185 6.524553472892794
    C22 5.4638606229983395 2.3598600571742736 3.0110279301842553 6.7278423315724805 5.859290958341874 3.1307391478090847 5.172941461751453 5.441978706997928 2.4165877567232017 7.553681631901721 5.4176204171774085 2.861125930799986 4.267338907346502 2.555686852703581 2.414231127655034 4.4738996819584465 4.910424014007465 2.315333473398208 4.381120588442839 3.087725102003473 3.966006532516359 4.899068695102288 4.059538132156115 3.507698574010793 5.798114419405404
    C23 8.8417220359467 4.601465080310922 4.865990817521599 10.062324932516235 5.520208326976308 3.752933435363529 8.426927780452395 6.130180575669705 3.027734424930464 10.197170069274346 8.647832152335758 4.3483261392967005 3.078672975559384 5.923810624048783 3.3867416090334963 7.781613250478433 7.831766872529684 1.8031856086023117 4.790223043245282 0.2970538163270372 7.281993963351109 8.217368956376173 3.182246558030622 5.181861737079498 9.15817689787218
    C24 1.6509131861167785 5.011126422500771 5.58402568101232 3.120419521259435 8.110334830672677 5.907952127692955 2.7391395391291113 6.736158085298919 5.808777323217866 4.600106004524697 2.989763437776682 5.936778177411714 7.769367675468629 2.3420666501518035 5.5115402160942075 0.392647770326568 2.300372996598761 6.808031263816146 6.532916295795958 7.626590178545426 0.6879271868000346 0.42779882769275934 7.443791497325942 4.779797673342666 2.1726770068566164
;

