set P := P0 P1 P2 P3 P4 P5 P6 P7 P8 P9 P10 P11 P12 P13 P14 P15 P16 P17 P18 P19 P20 P21 P22 P23 P24 ;
set C := C0 C1 C2 C3 C4 C5 C6 C7 C8 C9 C10 C11 C12 C13 C14 C15 C16 C17 C18 C19 C20 C21 C22 C23 C24 ;

param: f c :=
    P0 4103.461382921206 1362.273849860885
    P1 1167.8850952689854 118.50608121675211
    P2 3714.736902953025 1256.4582782868943
    P3 3672.398580285575 1066.596086080478
    P4 4275.94546723259 1475.3242796400307
    P5 2798.860490511555 696.5003822677184
    P6 3245.845424535959 979.240642944115
    P7 3877.7360930071236 1451.493474994022
    P8 3210.794364892831 877.8055657813229
    P9 2196.740929418058 383.2348779887649
    P10 2885.6293187200176 734.417289858575
    P11 3847.600739686485 1344.6243475400447
    P12 2430.681505484043 479.30685309883347
    P13 2530.9086394903816 553.3293489439056
    P14 4185.417470515713 1551.525146512702
    P15 3397.2375387563357 1087.7290899304771
    P16 2933.887009209865 674.1829155319903
    P17 2447.665130241855 561.96829975322
    P18 2723.1311523024474 717.4134882442158
    P19 3956.231858004214 1414.6007052546804
    P20 3701.2081876486577 1191.478119076244
    P21 1657.03462067748 233.31015902691402
    P22 3393.218627136583 1054.2703729787286
    P23 3971.6456749653407 1265.036672326184
    P24 2784.7682321644065 616.5892185370775
;

param d :
 demand_0 demand_1 demand_2 demand_3 demand_4 demand_5 demand_6 demand_7 demand_8 demand_9 :=
    C0 14.780394079557672 10.1176728692269 28.172290856554103 8.624118841977745 25.889460978336356 6.797690496792379 12.450141489830271 12.469082914985874 18.909537041004135 10.82684601015244
    C1 18.528079501876036 5.541983829510633 28.013427153618196 11.41339960080802 25.33701567155571 16.235708854807868 25.620495162072338 13.560586700533738 18.608093176013025 18.088938360757428
    C2 12.582998545625527 8.015453631558255 32.86461656906451 15.697289777554829 34.17100558535898 13.89844191119338 26.5850665917495 18.44813577109407 16.25440654802518 12.657752507463924
    C3 20.181937153183334 13.824339611266117 16.239341104497697 10.208646732940053 25.81162232151585 9.550117561760828 23.241895930328766 24.06811316342674 23.1807606996993 32.39257985761256
    C4 18.865024602424622 21.039614992167014 12.15620969235577 17.064184692649413 14.961396420448507 11.13155990288531 16.44457761678217 13.155823542719823 7.158189490415334 26.66735880417645
    C5 7.195864760622372 16.72548506448866 7.741592902549751 14.487206640537389 24.0606035504601 6.137201466723672 14.649109732407064 28.438667762541183 9.099690477892018 20.288250902845363
    C6 25.83457142314808 7.327558995349439 17.650481915759478 16.675599786512834 31.51901096574033 32.70227418660561 18.27082670400646 7.400479156750405 19.077754436965826 19.658655293653847
    C7 27.492084233888377 27.907671409370884 34.678718748962865 18.763277952394525 14.539009253238481 22.942255658332563 5.181279792923527 34.176656013633746 9.64173367235033 25.6546818542884
    C8 16.434667038244985 25.321494252961635 15.113499273477466 6.980488521895191 30.5466263740593 33.37629492068131 31.096002196887646 16.947334195163283 10.68877443764669 25.89366236128761
    C9 27.378723114581813 9.604894319323746 10.764554592957985 29.452546748174193 19.463911369632218 27.177669080495512 7.09954759932932 10.032981143306229 5.3850281674389056 24.52719004124399
    C10 30.673194347561203 15.74260968966936 25.068483664804283 24.498349865654717 15.053156543742594 14.860695556014852 10.773963418328805 18.241282125420252 20.02099426024451 32.79556268990942
    C11 16.90022983501285 11.500172998252275 11.61703555853931 16.069398830221356 23.255999664687348 13.343793299244043 24.031008778217263 20.158776628090635 26.760361278263733 27.06992616805251
    C12 5.322120841727942 6.033345362399748 31.468581727877975 7.019938055901241 22.551107432449957 24.308062148162172 9.245960326107111 27.04784313591506 19.74361153048767 12.270586075870444
    C13 8.44048150832197 25.251323923237354 28.90772495464647 11.556825655198878 16.471141989013432 27.814816468866347 11.126600382974967 27.809733932289134 32.77073213811669 6.035227161974134
    C14 32.51410926948799 11.484994987113357 29.913519992852677 14.046027459400547 24.217758642542492 20.626185787866955 7.752781772690077 29.588114236390034 33.20854955792048 29.39379230769298
    C15 14.813310877299807 25.902270908897226 10.036486623587795 22.966072894538048 11.972764321435996 34.327025133720056 22.778919536362682 28.806758034676474 34.114779101802554 23.92858141062236
    C16 27.460280835087346 30.09503423455143 10.011417652073316 34.493074787514125 22.62405642225499 24.441392752388985 29.93662635875488 5.5943323139688275 16.19434693098905 25.292767963168636
    C17 19.542777119880242 29.345354778217033 17.470400298945627 8.054407696246603 34.65142593084835 13.653653133783694 32.95438070693016 16.442579350038756 19.686533430474434 25.924142673390126
    C18 7.047115135762532 24.230365677745624 8.230514857685042 21.08544590873862 11.978177134963879 5.710799968766425 12.089303845336559 30.621266309149455 24.23146165628479 24.36000611213243
    C19 21.45285621069877 26.492312996098487 14.814243984821342 34.71593862523673 23.49046023762398 30.408045366303575 7.344935408139185 27.765749672008386 22.64927016300731 12.839920954131102
    C20 12.268808271046325 31.910296403495956 21.861623516705578 30.51395101156944 31.903382790995277 14.938108178092929 26.749673143120315 32.645974971405764 17.263627548143173 18.66412310546604
    C21 33.5005527223029 16.71855167083741 10.686426078827683 10.143773314045403 14.265458860187898 12.267469511736355 14.343889094328613 22.85550084796496 6.164806930528385 25.431994530715208
    C22 9.207672805515166 14.2497275271982 11.213579461200691 33.771041131335025 27.13739851754111 21.17935256378516 26.65021297280556 9.583961267661778 32.648097453522126 12.628641034829943
    C23 29.612800690339924 6.572457685665491 21.251079602926353 22.996014354606185 27.71737230797389 32.198961731272526 12.347748746875698 26.79944705419972 16.544780343501913 23.06447980813871
    C24 30.246875992722778 5.1399719823892465 33.167696839842264 34.442476845727995 23.592986854774423 24.950180572653473 10.293065146919616 12.71875166456034 21.96825776152962 33.5533473631601
;

param t : P0 P1 P2 P3 P4 P5 P6 P7 P8 P9 P10 P11 P12 P13 P14 P15 P16 P17 P18 P19 P20 P21 P22 P23 P24 :=
    C0 9.370432818309128 4.8966417802939395 8.17775266242952 7.312107269508235 3.766523543719863 5.179137925397644 9.156745426402887 5.54978394351335 2.8142056255237797 4.413375770559663 8.43777800498551 5.903016044225941 5.573191108235492 8.782722778341313 4.5233952708204805 2.695232934750678 4.035296209547544 2.3261316276606654 2.9581042626475664 2.9886047752569764 6.777338324646662 3.5047120364112736 9.966561669370407 12.030646335705296 0.8411681781054613
    C1 4.341340825976269 6.769319707555619 6.630335609365703 7.845990243209511 8.372478740653582 8.541104075631488 3.095015952356505 6.784631592083596 9.649974904076519 7.181948602028236 2.54901725151744 7.254476635293795 7.530904488105788 5.799769659186339 8.881740671850675 8.472540634344268 9.52191305573677 9.897515377122426 8.033857644646194 9.893368437178525 6.112783592738314 7.825154993871949 4.052669627289698 1.0633656611885614 10.212444159434817
    C2 2.575945456787503 5.730419749474173 7.501997686662674 8.525943368077911 7.308092488940314 7.2014053630507835 1.4924925270337333 5.544705310335452 8.632373888923466 6.191068055785069 2.4321174160572037 5.877753933063074 7.817311016253789 4.064211331041424 7.628318644559421 8.05280055847259 8.314685238210433 8.945384164693431 7.413210670586899 8.83197342768977 4.675536862673729 7.532821619085748 2.260954200007931 2.572814497036413 9.53129827137068
    C3 3.0970360471410046 1.5138799370288507 6.930290519862372 7.265458061640376 3.082588253769548 3.2441572299558272 2.8738777886159523 1.4462932205533376 4.406740135814139 1.98956172939632 3.163161932243569 2.0766361266513895 5.761826700632707 2.998840549595604 3.5262917755949847 4.477175303548996 4.162508044204602 4.730627039342469 3.5694524606869846 4.608284473258706 1.3751296669908943 4.268717600368884 3.660064540761154 6.40892547720309 5.4951319489239765
    C4 4.334337458067178 2.1039208269077165 9.215367780316523 9.279701092936298 2.168869876706468 0.9274019348787244 4.889751500561543 1.3347414668637367 3.202338212101155 2.252254413547838 5.788802809119171 0.5719597132725881 7.542731038397999 3.2126981268457815 1.5629754410150951 5.18758000030795 2.2829557160607217 3.681595649362261 4.106721188284763 3.197788538452893 1.7037524660523915 5.403932616257871 4.9654053446111694 8.802782505659065 5.125434970780045
    C5 3.854758694788101 6.7764368997977185 7.316836678183851 8.491399766051517 8.37574153194402 8.396290533535808 2.751788233217847 6.689010306525712 9.681261959808232 7.214998901054578 2.8425288042489463 7.083535456694289 8.062986468541352 5.350849087731562 8.787303456877 8.761108957465147 9.454737534046865 9.961467129382381 8.238131675896813 9.903572308477749 5.900275095424744 8.159211696814548 3.4883329766885236 1.2856604742389677 10.400736848375452
    C6 5.510728268583092 1.8738104933403195 5.394893454730026 5.318513722910508 2.7321066289304943 3.993985142724235 4.9421811361600625 2.7483974153458073 3.614096912089564 1.7835599311322927 3.9904562107936847 3.540550306932169 3.5759252082478756 5.467343021390459 3.822936750401809 2.0998320783964357 4.112071140236843 3.683912184697605 1.4971909728826962 3.943685017970223 3.6029579841984143 1.7816372727079752 6.020327863441556 7.585266967697852 3.678400186353454
    C7 8.905193977006451 6.562661694469308 1.335187183976359 0.6386609829826616 7.300532058522384 8.69818225476369 7.752048706142735 7.386393078720532 7.787478139461266 6.495305173722414 5.563289793239496 8.199069400853663 1.4111634545195495 9.468598804239166 8.46251130817395 4.600029481508367 8.618371450852921 7.636301404223276 5.264242894829264 8.142691201532791 7.978185185948244 3.859340216858513 9.18585256568334 8.07616076358608 6.6312994153847615
    C8 3.938494308820614 2.4274169713445577 5.326323853760979 5.765281803253953 3.94654724555049 4.608399075858914 3.0984568238929193 2.8583200341523747 5.135515482526768 2.733280650226974 2.096293096608809 3.610807907547514 4.432927159529292 4.342311525765343 4.726821291316457 4.034331322601859 5.245469047397309 5.332407005655574 3.4442786196545456 5.4136740599242374 2.9982070756297396 3.547494885931222 4.348360545693408 5.673914646571015 5.610641565061346
    C9 4.962416680302145 7.09830086477279 6.252178104158746 7.526212452682897 8.693597132978834 8.96474519114077 3.6729044244406284 7.185487972764193 9.943838267541876 7.488439415029306 2.742711859944966 7.701200961359559 7.363097728172941 6.400237404374244 9.270120199800528 8.555274137590338 9.888669449083526 10.165042546603386 8.195463982303178 10.202217602239575 6.5919878393650375 7.868851008449792 4.698411416906496 1.0195095928361657 10.376272180283872
    C10 8.355571547657112 4.194498246851158 5.716774591504681 4.904406807745444 3.896552914078713 5.526576776975109 7.804513680706088 5.065680081939769 3.7596505675016423 3.8161371186850563 6.588735237981144 5.699819002399091 3.1191649340966117 8.158325294966405 5.030746345685023 0.8067523925501732 4.877861114526317 3.452809201209599 1.8538942107312149 4.089460622187202 6.174523600713048 1.276184421896677 8.880765483234628 10.10355421345425 2.1363424901270403
    C11 9.127597655863354 4.704345145852451 7.237317873562311 6.347698483900799 3.8583875320547305 5.411097597091609 8.775380004654943 5.462103098155108 3.1986382533329563 4.243977200196257 7.843293529659949 5.934270015466582 4.625701904796111 8.690312157030162 4.8008152491738185 1.9343180647702087 4.433422866549069 2.7579061258665707 2.4928099650790743 3.452018531345718 6.668210798692604 2.693179541392363 9.699409352394362 11.414944614109361 1.0659117790409798
    C12 6.030154640057762 4.983366492331206 2.7851854467453085 3.670453299261655 6.272737261469788 7.245682261889815 4.768624420427323 5.575109641398365 7.227283931444086 5.146394684491011 2.49021017392385 6.35588412395636 3.1964544970214206 6.840532233470561 7.247950747983318 4.888695341913646 7.64925214426988 7.277414294236629 4.9089821508454685 7.556603448466223 5.751992818707969 4.095837789611776 6.227705417810129 5.18539177167656 6.95132690217129
    C13 9.472678181574144 5.1463322229936095 9.774935113491678 9.019996976497945 3.6454140066918876 4.593973118867303 9.531475121618136 5.546422764504092 2.3330602846897777 4.6757463544058 9.248333534924916 5.646626400710289 7.2163323969210165 8.61667983944511 3.9182462149831023 4.105123326518259 3.245221184554956 1.936940824663469 3.9229845026193115 2.2724841302453576 6.73023062195385 4.9221027376298565 10.099415610118402 12.817821709290108 1.9967883909974011
    C14 7.450521446041336 5.019274240837993 2.2575158085392184 2.2022919978659257 5.860052944911338 7.192135605075968 6.372841464558126 5.828528926973612 6.479675820086057 4.980967348926168 4.3265151666327455 6.642628067244379 1.098766014007044 7.9362566364209695 6.9977419459204695 3.502655335992189 7.210468528976421 6.3902522989565345 3.951713736422695 6.833045868815201 6.411446389799847 2.688193434049934 7.773908470469591 7.285084412870883 5.625987576290408
    C15 5.882062770370863 6.346079971888166 3.8918606174405395 5.169128374939669 7.821808978936096 8.508949366608752 4.478061394363924 6.725073223201705 8.921179837968417 6.622996490880391 2.3335467076802003 7.414675211726104 5.16509689273751 7.054852576059762 8.647164925005558 6.894441650545332 9.15221426245666 9.039863263563447 6.7846630947396545 9.227356619333749 6.5356338983129225 6.123738475936095 5.864365377744313 3.358104554548271 8.902213714089726
    C16 8.843937490508424 4.750805634545571 5.5563477483716 4.624845255265811 4.4761240150088035 6.106439878337398 8.238535241732292 5.6292451677590005 4.295231714988384 4.383261393850946 6.905421398586241 6.27381652519248 2.9397555963613393 8.694405592521608 5.605359205099791 1.3558072313690641 5.435291470180987 3.963858530778042 2.424813771177667 4.617111107281938 6.7225196807640275 1.6175223859622507 9.355652260371247 10.367977886606383 2.5256637797935078
    C17 8.141832138791013 3.7404408211892797 8.58539523702354 7.962704514233478 2.333122166064375 3.5762784040587334 8.124263561343332 4.224334406767341 1.1802160787366591 3.2609019627929476 7.794503072590854 4.439947736288538 6.105814506879794 7.390394122564999 2.905361166345748 2.9132386069634526 2.3781254137741463 0.6872853906323012 2.530684904423498 1.3273148504050751 5.438349042032425 3.690267306204673 8.760723371606202 11.364409077527235 1.1452528085454283
    C18 6.814589587132121 5.356924737101636 2.0178319099801576 2.8385897121139076 6.506342265849678 7.619942335353306 5.579333332389194 6.033331058476698 7.343246204902161 5.451785216174597 3.319465703664517 6.83530544224503 2.530874507850431 7.558031193728155 7.55259408463929 4.702301501644573 7.888418489257253 7.337478755711552 4.905897131333722 7.685254281462498 6.34130603320369 3.8817966874814447 7.034371832591095 5.899731874914026 6.81841950368253
    C19 8.299810893060272 4.1889225512273445 5.540544965941395 4.735618651387151 3.9589184015404504 5.586429073855018 7.722687833359803 5.068752482483218 3.8742351555810055 3.824458343447214 6.466905373805243 5.719339069681241 2.944432621015683 8.133854810161672 5.105172729617698 0.7949688044176269 4.97446233216295 3.5810931042055842 1.8701772868317181 4.208261959024766 6.160366170451388 1.1485036102668977 8.81797752128907 9.96992592040249 2.3015225207315964
    C20 6.939102360222858 6.165489937482752 2.118774796086387 3.355933824906003 7.430160746289309 8.42884975367406 5.603731596635242 6.756553279256956 8.342352202225635 6.319346857926854 3.2675866987855025 7.533753301630388 3.5273031281896525 7.870052138117243 8.423177308886272 5.803131569569358 8.81005341717512 8.36513376048543 5.955241982426482 8.677807299104499 6.896104053606368 4.985078024391947 7.061539758455724 5.171236258959233 7.9122708596199
    C21 2.786639540136337 4.8741981150674825 10.947765387010103 11.413902203662305 5.588914891451074 4.3155142583602295 4.125293718455169 4.001281531846103 6.673602644408694 5.254932225237972 6.182040661690985 3.4657683927015177 9.942363637366668 1.434713343875262 4.993126435680854 8.268654891101423 5.672136715176135 7.15417880868484 7.2156712077828935 6.651344204763669 2.942926812884053 8.264093268037682 3.150903128086111 7.901900838675666 8.556375119640299
    C22 8.947753090707018 6.069442857868084 2.459052223588521 1.4228026269064318 6.593899794866864 8.08240763768589 7.913566948595673 6.940518646064939 6.935493247698046 5.926115756168188 5.889101347532327 7.736723261461391 0.6269832117749158 9.334220291319879 7.776636886422894 3.6686198929504767 7.855636974738588 6.738621298055113 4.462265017465903 7.288415462272949 7.679604618696493 3.007659546032579 9.297009176126988 8.749672262522244 5.614060376145954
    C23 5.214688870082376 0.7453384993905463 7.195124710006552 7.076339445644399 1.0329514796474886 2.214140515546074 5.119349801203809 1.4655803287084748 2.2398810069889437 0.2585757392544795 4.980145358257752 2.06787505932063 5.274290306195385 4.683575156196676 2.0278734948289383 2.8596611462702186 2.3915937347113654 2.5087216374353445 1.7819921176042883 2.4976183759160935 2.6614830395932385 3.0485609373893934 5.817327340298416 8.473269714413936 3.318844508705471
    C24 4.646573286317684 0.8572350132228496 6.287045134095621 6.337200406232037 2.174032811229904 3.10818483769894 4.29163177327465 1.6767924465068373 3.343747926791229 0.9835749364333156 3.871718428375937 2.483180900164494 4.642365033358488 4.444784904643296 3.07591125317969 2.9344180835356672 3.5149252561602617 3.556166093628666 2.024761376642411 3.6215945571231636 2.5285663014663484 2.8012152108003674 5.201049304370063 7.408592555714973 4.038375036860114
;

