set P := P0 P1 P2 P3 P4 P5 P6 P7 P8 P9 P10 P11 P12 P13 P14 P15 P16 P17 P18 P19 P20 P21 P22 P23 P24 ;
set C := C0 C1 C2 C3 C4 C5 C6 C7 C8 C9 C10 C11 C12 C13 C14 C15 C16 C17 C18 C19 C20 C21 C22 C23 C24 ;

param: f c :=
    P0 1414.2483643938804 182.84486158682535
    P1 721.1205919427981 50.487524417985995
    P2 1205.3960630899821 112.01975047697164
    P3 1361.7956804778676 151.42487389356387
    P4 2064.139981242841 378.3030366587466
    P5 1910.5983637199404 285.31025714203844
    P6 2684.6905677511495 645.4146882524592
    P7 2346.6598874249826 474.41773055500005
    P8 2841.6755655033467 703.9422047993854
    P9 1041.1791793676484 94.6407758290451
    P10 1410.1261735874596 168.43150775841394
    P11 2152.725902517579 363.26057068750197
    P12 2773.798222775913 659.3420183265732
    P13 2902.866886525821 739.2296432560714
    P14 1170.8825104673042 109.2049322249789
    P15 1174.8928307670255 133.24534820724608
    P16 1551.330984961146 210.9490860038827
    P17 2542.67076136409 589.6056916406457
    P18 1428.0075974484141 187.31958478599182
    P19 2940.0123374787745 708.8808410634725
    P20 2849.528721179507 774.9593090151303
    P21 2419.4458094531146 541.0072704016345
    P22 2501.081974487725 564.7952060487152
    P23 1657.9227207824454 244.72225256350566
    P24 2322.4688842948426 525.2873865362076
;

param d :
 demand_0 demand_1 demand_2 demand_3 demand_4 demand_5 demand_6 demand_7 demand_8 demand_9 :=
    C0 23.93179219707324 7.8971598018282645 19.583196975314387 9.88865001191401 25.940448512075417 5.441175104216521 33.780084987969374 31.439268475142804 17.176765780524423 23.002652325119826
    C1 22.319366833359258 25.189228161551352 30.050249705919196 21.799700247725816 33.46374110706192 33.70943311241274 28.79094601890825 12.25869737656305 9.136992366654898 31.684496454947663
    C2 29.93111041322688 30.043570468943052 14.56881339142866 14.8429506765509 7.744004677869823 12.692770564418499 20.440112037739635 31.14071337544834 6.422985270063949 7.991896186256851
    C3 10.603159080477154 21.542774471190594 28.38506873826629 26.633584995302293 22.23082841302488 26.019831857825167 9.237520317153082 9.541517962666644 15.01977489584825 7.500039859886779
    C4 5.440776192261053 13.409926464833777 8.792571351577223 28.62642391324011 34.241737053027535 34.63922783441375 19.224047706019412 20.89819045226473 18.365482348867744 8.003511830277677
    C5 34.33333584934309 23.25655014353322 30.34765517219406 5.151705978455565 23.312552313059623 7.598711150271421 29.143204460484075 17.168947129408465 18.33000501849025 28.367275411079163
    C6 21.598880631055064 22.76661866966179 9.246078161819696 7.66878220859352 30.315215169747585 20.125400328785737 29.32810370737757 13.190254862386046 13.301006564055664 33.24211360243713
    C7 5.1753308089939685 33.198961497344996 30.336922601530738 20.605119463492105 31.577257396413902 28.55622760480457 7.479273799035857 21.370100625326124 6.503628580303536 7.842641681662279
    C8 33.30824315109824 18.072273641736313 16.015066094013665 33.35959603914931 8.276219065723167 21.853231350640172 32.0508959376467 6.167533787786644 15.803182523470888 34.58840646296994
    C9 31.919670381763503 10.310784614693848 29.915136098875298 29.5048125498094 29.48844842395274 14.816864140136579 26.76058577897686 17.878007765368665 23.59623886694689 5.572898196203457
    C10 16.056313202051296 9.227398247232706 26.30919856753706 10.48304658254633 7.585209454964854 13.791067054942996 7.1216970761541285 10.81268413103059 15.573176535977783 14.856018827581698
    C11 9.176006303894187 33.290753918333635 5.541854486934153 25.665419160235874 10.577893352673279 29.321845020173427 12.734507843618871 21.438610677204142 15.926662376728862 13.847958155906108
    C12 7.18518982469255 15.028022791197916 27.029519986312323 26.512302782973045 7.426124829247188 9.225477381970455 6.362118084817171 34.69179311046328 16.911976820108837 33.272884364095006
    C13 18.829565426977034 22.629046307753352 6.901079930093495 12.211114262809483 31.403358215902653 22.02460926515675 15.553850257698414 34.89367617324835 11.179699502416932 25.459314895212298
    C14 15.06843205775993 18.478373003019666 16.978953157266368 9.08749163009654 27.316045246137822 19.04975647029378 21.84441022515025 31.729872517192895 10.483167856004801 6.619502310470703
    C15 14.430637502263952 29.334882804855617 32.76022308412047 17.590558917631505 11.822383019403574 22.792942350059654 23.32321615590491 32.92846818460718 29.739558475404937 26.080915669459312
    C16 33.720107328395216 31.44924342536255 31.954292731472357 16.68458222037498 29.5082138915795 22.192530456186503 11.653371159270934 20.10139469695805 22.821998603794196 10.045702673609382
    C17 18.817119334636157 32.402388502034434 17.30026236365191 33.018811689819 28.818352767956757 30.95613536032958 10.495276540976926 21.4148740404039 21.22526457985878 5.713790224371007
    C18 18.70754457059219 12.930014369116591 33.519174319395674 32.725879460103556 6.597203348759302 17.36375049008737 19.048162004143414 34.030190149741635 14.999194942931831 26.51260278097894
    C19 26.181990226405635 26.94233842934102 18.78074471019441 28.84523908177666 22.085356295741562 8.945151849503354 13.903097558022083 14.537584736988379 27.9697932283325 16.128471103171393
    C20 25.12892628042844 12.99203133201178 11.338163575667323 16.19424872239984 10.988287115957618 12.712725165269196 34.12460607625141 11.835545163443328 8.214203948342464 12.014235254032991
    C21 9.139092301192377 8.95671049622501 9.080372887502488 19.444109737704192 5.984841315979238 33.696496592212625 28.510146690309316 32.63412020684717 19.801535225423585 29.52717913387353
    C22 13.903935786730774 29.699224878896498 30.42854954254256 6.767523613490428 7.126405196561363 27.979733224712405 26.851160979258204 28.933808782939714 25.995115185411265 32.96502596170811
    C23 23.063695397573312 15.398343357670736 19.100081099244832 15.542968126305448 17.905639021169044 17.402588092461013 18.135511857874747 23.918659307594712 26.91859610994674 25.958977924398358
    C24 28.521750660530092 13.809454300891252 10.328759738005402 21.873747998806927 14.417303058613559 26.981073712130808 20.72053740112652 30.494289688300032 24.982472357924173 7.494734827262444
;

param t : P0 P1 P2 P3 P4 P5 P6 P7 P8 P9 P10 P11 P12 P13 P14 P15 P16 P17 P18 P19 P20 P21 P22 P23 P24 :=
    C0 8.550521321841526 3.990241240447831 7.510614857410803 6.282636990896645 5.322103354582925 10.503381327953285 2.5012459564481566 3.7371617025893684 8.320469900913315 5.2136269050913455 8.44198275140176 3.2125548382477804 4.965675543091127 5.637637978396068 8.513000329385125 4.688371250579838 2.1176065454735777 10.527638166488382 5.0495240976797735 3.4208016103369685 2.1284546342454855 3.4039908090638904 1.0577568083833164 5.2999888034616935 8.302159846682121
    C1 2.965557668498727 8.280627759164373 0.6139592217667851 1.6079478594522896 4.142857841820428 5.600242956420565 5.399846959520856 6.343732243106329 5.703988483823423 3.0706560116025576 5.083917642674386 4.628710868820616 3.7075750532104514 2.9512714538923355 5.903517586917908 3.153522326477053 8.858991233846771 5.37309178128219 5.790291139258825 4.622002697420426 9.68259338479408 8.03133667777024 8.863797862248596 3.670953869981976 2.1006326617255526
    C2 4.036701838752091 5.513080190148701 2.835055184076898 1.4367465799343293 2.15797320253275 6.483793198751848 2.383334391419305 3.6153380102837267 5.201435649477518 0.8464276296809077 4.917621022688606 1.7620638142225598 1.3782698970918517 1.2996944478520833 5.432364405963622 0.3225408721491345 5.835639725839064 6.400040615019174 3.5531959515290934 2.06877917439272 6.652965325340812 5.175981608200781 5.870287542745593 2.6190251512542577 3.5806212773044233
    C3 3.5683009734679034 6.13506925681524 6.706000764153223 5.702297927695504 3.84583226460049 2.7184017848688793 6.799312326210271 5.111278447477618 0.6070345359046618 4.951323918233905 1.218392860484168 7.000810202499555 4.573768658411331 4.525753553288317 0.38208282789664655 6.111716710614465 8.22638118770765 2.9753466184021704 3.7394151645843428 7.611319053388371 9.466005683032684 6.380189770667305 9.37625344117021 8.355625314492439 4.354933385429247
    C4 4.011021184000349 6.2470649317933455 7.173841872443203 6.164973571262759 4.239796653308844 2.9221064409154858 7.147888482522282 5.3512653358583435 1.0681229930497176 5.384198323839595 1.673097457485087 7.389408972164383 4.983148136832142 4.9672490938365295 0.8485681229385178 6.54192676883996 8.40914125030148 3.206995696063826 3.9969263430335604 8.01239608625058 9.656110906843288 6.529726374873714 9.618022447936523 8.800228875647306 4.809004530797218
    C5 1.5006645307584048 6.61572689939558 2.580524635809059 1.7167397628336933 2.3333479006825346 4.066874936423297 4.67036664642407 4.7422244745460045 3.5435702081253844 1.9523354395424404 2.988883012875409 4.267464294916334 2.2666883314967152 1.5228168705772003 3.7544631851872037 2.833140000103845 7.682363923656348 3.939226994492712 3.8812848500468156 4.601565610757446 8.693643252543007 6.482379444647601 8.093231804975936 4.602209030335656 1.1646977080485574
    C6 5.976117303710927 6.257537093118046 3.708156421350501 2.9533285556460838 4.045914320243293 8.513854169695726 2.32377478399584 4.641962609864819 7.233779137262008 2.8941668541547054 6.97766387462312 1.3408947830874447 3.2711163240558423 3.362333593038129 7.464091564770676 1.7408766560730113 5.737405559905725 8.4119627673582 5.101771278959738 0.7320918358724633 6.194713147813542 5.776025122720332 5.162067989830589 1.250042675012116 5.393287525223168
    C7 5.060039796853343 4.046698660018922 7.426434725536591 6.096435101172007 3.476882851826655 4.973675845231391 5.779372643878363 3.535711744692547 2.3139360054386966 4.8620789231596575 2.9973466901090573 6.2913214199580505 4.252540133617473 4.6032741459126605 2.3279764925560644 5.892403245904725 6.325505543620498 5.201677302132534 2.3985354812548443 6.990626840005292 7.578264937071605 4.395414789011225 7.688443648500007 8.23155436944884 5.641576684965644
    C8 6.238855017090815 5.862605801700875 4.182991854902153 3.3062055637608054 4.023556778356839 8.71032131771736 1.9101304316516114 4.335098099148073 7.275648826619671 3.0071688911207195 7.072839746526592 1.0160296326585592 3.27856793361872 3.494337214733274 7.504089019119276 1.9146184047909784 5.229690430878792 8.627208521633506 4.923672971437746 0.29648273447278944 5.6614675912578285 5.361173095909239 4.624415355360999 1.7592467249426074 5.707936838367921
    C9 5.501484255144831 7.4819202097383695 2.5494683501090982 2.4122498699453616 4.5050203475411195 8.171920609462738 3.673047091230852 5.713812433091656 7.370472276304351 3.1356690243009138 6.9724257289107126 2.6635668250846916 3.7308740461176115 3.4831992527767723 7.59956941148363 2.1156410921611544 7.192304929434123 8.015239898849224 5.874132614321902 2.210728305761806 7.694597530636007 7.047726620851628 6.6674460227185985 0.5562769385924613 4.772324890637682
    C10 6.574968711889633 5.161700902540226 9.270775370689279 7.9946481372885225 5.42195535060718 5.747918208284687 7.613383297588917 5.221994108167971 3.520630627243703 6.803107306683094 4.269152189505697 8.191869008283001 6.199305302712057 6.527763817723539 3.4095154243381405 7.839377681214518 7.572606318606549 6.043098417670918 4.26842374406459 8.899480748241853 8.795453294788121 5.644499342671844 9.107827591661442 10.178255925931374 7.267533482802425
    C11 9.30830968882576 2.46100613630945 9.193428267887837 7.770458697616583 5.900302527711996 10.706695669965253 4.131957874175635 3.5701112046915737 8.169819328344786 6.389214807477591 8.513954739948531 5.111893877697208 5.892224216901786 6.681524886861134 8.313394960937453 6.305333495453809 0.5638964168075372 10.811856825381348 4.88230581525951 5.5696605335065374 1.2386669198202847 2.093723987574606 2.0583598614518 7.548767925877186 9.299034397482233
    C12 6.846380994561128 4.224524886815354 5.633534279335911 4.4156675935697285 3.845837960564661 8.99322674052787 0.7934213935026571 3.074474408725547 7.065404141740598 3.4505588748309215 7.057188795218919 1.3354789806805043 3.329873048121193 3.908347478168128 7.277786423573604 2.818209430092664 3.359513611779162 8.9796891317675 4.08634746136504 1.652954399097388 3.8583554630161663 3.674863675282057 2.922511575280207 3.6263663756495452 6.52189500082378
    C13 4.489409230325294 4.4911155550690225 7.010522718174119 5.738153467747217 3.2515845067397504 4.3631128438852524 5.809194309044542 3.7363677668237605 1.6941251711349707 4.6008943510202105 2.3799611322375593 6.22877420645417 4.03955220724533 4.293670518197737 1.7149643289958814 5.683932423851147 6.689584574628031 4.586237332790188 2.464753651438657 6.908814789447404 7.940880538013847 4.78882204696158 7.970507543454117 8.02192034605719 5.10553431782188
    C14 5.503779149128723 8.862809583987376 2.02560000028546 2.81908681077508 5.447724795917469 8.184815166673454 5.165383234186925 7.021458023919106 7.891175411603503 4.06207458083192 7.37526761173442 4.16634232482848 4.738512765291823 4.269885124987104 8.110747566550932 3.3073880680013197 8.714737090557126 7.974396030580316 6.975253177558461 3.7517853699479686 9.236619306082684 8.46286955648045 8.207506543578614 1.9107168322036712 4.666773701132007
    C15 7.053086667826714 6.377277275994823 4.755015360248774 4.052467539716818 4.874880551287951 9.554703535752006 2.491479614432272 4.9993748551149695 8.134664999860968 3.8648376442328884 7.934094783764566 1.7812795121296268 4.13672160880457 4.349992721159266 8.362807276318282 2.7542109254147 5.43262057214155 9.464936832560518 5.701478654932525 1.1024936809067356 5.676922783101729 5.84206393023965 4.557187005230245 1.8959851314275737 6.487804145961446
    C16 7.495048011868245 1.0732555148995666 8.660552308855529 7.146706959787612 4.493934255038202 8.163101879964184 4.800018368108365 2.459849412998943 5.471907433228572 5.625094295285912 6.007176349971063 5.711932865278005 4.942220587722307 5.667832282003204 5.554897062636478 6.168696756333198 3.4405957059505137 8.342748555958957 2.8862206442199922 6.402894445188783 4.62097980911196 1.6553669351046805 5.090673305455475 8.198696214508683 7.787575117510924
    C17 2.8823732160787587 7.86690968700837 6.3872987153428085 5.779840342730819 4.796197742648303 0.8409449799265346 7.846869503919056 6.59851370084427 1.9660207399804108 5.520285690073599 1.6208986786958515 7.821327828195393 5.366261546691136 5.03372062636867 1.8793857442455606 6.643333764268763 9.801225342891966 1.1435811610628057 5.2319673585475055 8.329904250766521 11.012097367172547 8.045135275317342 10.783170254513898 8.64889654809523 3.7492839620040543
    C18 2.252764599892498 8.782614136878323 1.851016181608697 2.533953094626051 4.508991908836305 4.657305891654088 6.320811086567466 6.874809563637542 5.28250922888458 3.7448268636683038 4.583765862433965 5.6513008616423965 4.272703858776576 3.475020497414248 5.453333688895565 4.130190307279563 9.639119911010342 4.393303750218519 6.094647896446588 5.735275449494971 10.55057168880422 8.607139929186255 9.811110431038964 4.916423547070539 1.4547631700902994
    C19 5.458374269045876 3.4560678008937917 5.032535767546589 3.586975759124317 2.2304024758016046 7.416710052721084 0.9209896781770064 1.7550853413914798 5.394162031946341 2.2381935884546404 5.4165476014256555 1.5739825603433846 1.8707167636271276 2.5976241297957356 5.604486874885245 2.1918462810730204 3.6729606818157343 7.428208884607602 2.468568502496316 2.2906523902909925 4.594692894036907 3.046370962017786 3.990871824187442 4.026979964298779 5.277781155004366
    C20 8.171561102486498 4.580668783191396 10.485712669828263 9.089104081874623 6.342565626434837 7.63852850669236 7.875493279154126 5.358876038615424 5.235331976107574 7.724420496376812 5.976899339542216 8.632631953303186 7.054315970929154 7.55230369377585 5.1676566886570585 8.615959733947236 6.921331347674431 7.921913010588594 4.856650416327276 9.352967252838623 8.04830970552462 5.153201990151044 8.596096056488445 10.893574654689012 8.776609650309785
    C21 3.80857676083321 8.223829816011385 0.3377065752019445 1.541751212417348 4.316944244445364 6.482597417314052 4.991792403204797 6.297799010702416 6.342909121833243 3.049461712942145 5.777127139125934 4.118537724265323 3.7385931091755364 3.0834944445700723 6.554403360991382 2.774948535886223 8.541142232903582 6.269898449688846 5.947305556606017 3.9863556887995424 9.269711430832984 7.913858737292988 8.374787130398765 2.790049373112617 2.9643874881103436
    C22 7.214190467852979 2.4296843135373387 8.932484599134144 7.4560665935680746 4.683285794158982 7.429097943599477 5.749106656343392 3.243379570059734 4.749013028836391 5.9879874592343025 5.388387663472724 6.564046587248926 5.294406962415411 5.915494537764944 4.780925788278154 6.737675886209136 4.826984661178376 7.64962207990335 3.0537451155253588 7.27951154848042 6.0103006170296425 2.9829973377008114 6.458288831228735 8.931839911878257 7.650391021548415
    C23 1.947063861735432 8.669189463164388 5.301508622829666 5.058171304371487 4.947981269490063 1.0123515704666057 7.858508524006865 7.130177812859969 3.105659625134007 5.249830647945465 2.437624936414074 7.617840514376178 5.311224838724245 4.76325750111987 3.1284191407349526 6.246750640422941 10.333567477208305 0.706669988925071 5.854512417408242 8.00969212414519 11.482579839780584 8.743762846716328 11.085380144904132 7.945959519486725 2.6834655411187485
    C24 9.193831392556053 4.682425003374902 7.939050057808917 6.791250360711869 6.025338750907544 11.212321002473436 3.103432450465842 4.502641775961822 9.067470103576767 5.8207729887124104 9.1720860481202 3.6777043732895836 5.6251148003298095 6.263386409836427 9.262328338897456 5.194288874872269 2.6056303941329944 11.227291780223993 5.810441007462667 3.754804952867473 2.2326962333593467 4.103613465241157 1.0472036163197807 5.507015667535606 8.903367621944986
;

