set P := P0 P1 P2 P3 P4 P5 P6 P7 P8 P9 P10 P11 P12 P13 P14 P15 P16 P17 P18 P19 P20 P21 P22 P23 P24 ;
set C := C0 C1 C2 C3 C4 C5 C6 C7 C8 C9 C10 C11 C12 C13 C14 C15 C16 C17 C18 C19 C20 C21 C22 C23 C24 ;

param: f c :=
    P0 4138.662835450042 1372.8019343154278
    P1 3610.5000639300297 1154.224413797903
    P2 3469.1327084057184 1142.2572170850585
    P3 3383.304450452544 1030.0041705913125
    P4 3818.313944739854 1398.5538008302233
    P5 3328.040063049664 966.8309577213996
    P6 2526.8142195900296 532.8375966306326
    P7 3965.440093357194 1382.9191829208462
    P8 3233.8085165789767 855.0838261763573
    P9 2268.316514072527 430.5859717382313
    P10 1145.6611763168526 115.32834732638038
    P11 3948.28119907497 1469.3120826833351
    P12 3541.4432433057523 1207.8853095891295
    P13 3463.577350280317 1001.0305271599692
    P14 3883.3271343413335 1314.2343454948914
    P15 3830.6802630218417 1321.0711391508983
    P16 2425.295094049659 574.5892344953676
    P17 2225.216707067104 442.94973738697223
    P18 1931.783211841916 321.0401531413272
    P19 2852.485684824282 652.451438213795
    P20 1545.570736573513 206.9023837565294
    P21 2985.9256674103844 814.4067591394687
    P22 2653.8936343524047 647.0926176419555
    P23 3647.492240219402 1311.3141311068864
    P24 3214.9863688090386 925.0742590706245
;

param d :
 demand_0 demand_1 demand_2 demand_3 demand_4 demand_5 demand_6 demand_7 demand_8 demand_9 :=
    C0 34.60596896792799 15.848168659592734 15.707516131574936 26.720469608479636 20.83677755830078 8.208134714561503 15.9397573593105 23.467083827402064 31.013947495135795 18.107919831516682
    C1 20.281638292666813 6.094982865329297 22.244961511862584 20.847052674774197 5.12573856647215 25.695765501942184 5.282767555569032 34.27843879940872 20.01503892946493 25.702806216119416
    C2 30.419120360532148 34.249016776528066 10.162026140956261 13.316823300723689 33.379042574700144 27.42615612571718 8.614409881168896 9.638861744801359 5.441914313223161 12.377234528526106
    C3 26.107771204987127 8.265593008609798 34.09689673774005 29.0411225154494 19.90013781389839 22.690820207290873 11.180990850524099 31.81271833244024 24.53995531578954 30.491133998902754
    C4 16.62280558085756 20.307796739781214 24.7977443093709 21.105210264742173 8.014403443082413 18.999043128325248 18.126485349400216 25.305383189556423 25.073890284030117 32.43172047991706
    C5 15.532471745881955 20.01795639819472 13.292368307939883 34.792172701318215 26.899423593698447 24.5669466752058 11.703706310174718 31.373458003588336 13.794806717519757 15.940313644032504
    C6 25.96369924765192 19.501178859194006 13.49164723816918 17.15454822622322 31.1688516673229 17.448226372656336 20.903274155925615 22.642359353693557 28.95207660675772 27.457034350842914
    C7 17.005680863418476 14.04011546974353 29.55080987988593 30.98514030295569 16.55151673843072 28.420228529546037 26.18506404445615 34.63532404248356 9.048603224744037 31.3241563610707
    C8 9.579282668812361 9.367232648779616 27.992448014853476 5.548596310760829 34.62362864429969 8.148868654212226 5.679014505270473 12.539426344883836 31.29016885055483 9.261126687253121
    C9 8.90066041262342 12.058804403217211 8.03226046351655 30.40226729922136 11.079072765221222 23.910228630379674 32.67871934916104 19.71230017577721 33.92026294459915 14.655621883627482
    C10 34.50695233268776 30.922832475276714 26.30772358457575 29.49676024185639 6.874459311254883 16.638612721288077 21.743351264704284 8.618433967711141 9.868077927144885 27.07399639087321
    C11 33.691780029221874 29.350850777955703 19.791728654677435 34.78889920795166 25.96602079309026 32.8193855633411 25.279871419197693 10.938964520059077 29.72721519802697 30.161886902132395
    C12 23.642034801689025 14.227985900710724 10.866943421967768 10.452345108488505 8.151037155391537 27.816788551441167 30.113629276374112 15.165440031327588 16.72109214628045 31.839473612202358
    C13 18.2578938194828 14.217156855626001 21.51293711669173 9.829935986215814 18.401654336771095 33.19720246377108 20.677587183865317 11.800550976466768 6.1415431922693555 29.703542920617373
    C14 34.93369364934483 17.578284191795838 20.935892495531974 31.344879650563737 29.84215891187489 25.512287255068642 5.103893459962423 18.4222609277755 34.7994258369025 16.65185572341821
    C15 30.56903709749377 27.167621050901715 18.907979335429737 14.330062537507708 23.686929331211182 23.50517041484325 9.128054629129831 17.57675973169316 23.073944673439037 5.132354605274509
    C16 18.25993512063549 16.352110925544146 5.075643626714017 24.695345628951163 32.37257397725426 27.537675646832053 19.03946018190927 30.898734801868134 27.902550708299877 32.83230930782396
    C17 30.6877776632404 9.570811379136355 25.06070310526367 13.368976730613797 6.484959441464073 6.527856153642802 27.81358377402382 31.99010906434169 21.544580985399687 11.52756851858458
    C18 13.086874885135943 8.313885364863847 12.005051815522387 29.064416898684364 7.683963360098241 20.219802392654977 26.45176616907811 5.20922329620894 30.407478017187024 15.91936030531391
    C19 23.706359407332197 7.606419474544765 11.760419161028377 10.594643260643158 13.280674375392582 7.955665271394194 19.038447762716807 28.94806682023316 12.787447958829429 34.37675385348878
    C20 19.199149489495497 28.7188971721824 25.315046516081544 30.895695618385282 33.150751891703834 24.440425251028387 33.364802319296096 21.410896483419318 24.99145384255643 33.64973503650057
    C21 29.896079915878083 17.9847090341471 28.668650601990567 8.553915927164194 11.29569805364624 30.362030113827295 8.173508664984697 25.212092412142788 5.597693038493441 24.463332039717226
    C22 24.871743878642548 12.583334581092275 20.01328383559693 17.043457340663156 32.569507569846536 24.083976253865508 5.824711222765924 26.48954090827129 29.025410587150756 28.005312589860182
    C23 22.34543287607048 27.147643734040102 30.92000234932233 14.32866072907316 19.2453161954786 29.64426819768924 25.70778247236886 15.99009211012232 25.467207807892354 31.783641080953895
    C24 24.17335835271183 15.688409841871323 29.18874655189442 27.31922535994541 8.50329337433767 14.859702631980708 8.332045848488189 15.556939646345842 15.695219278252097 9.696222383246413
;

param t : P0 P1 P2 P3 P4 P5 P6 P7 P8 P9 P10 P11 P12 P13 P14 P15 P16 P17 P18 P19 P20 P21 P22 P23 P24 :=
    C0 2.9029971185896586 6.951162403419397 5.192142430587036 4.460547846273883 6.851343235216155 7.945008063474232 9.29394237216934 3.5021252893782826 9.282029030955684 2.23047626520221 5.136216251650241 9.212153171290034 7.8146837830987605 7.286657292092457 1.7939601685107076 6.734957393864873 1.8401692829119503 4.809475155693337 3.88595906468973 3.5650165925577233 3.3994088997385856 9.312572862116149 7.2607735817515735 5.39898529198749 5.561862856261657
    C1 1.6718338273836286 3.573972901099127 2.076039425834588 2.061857048480105 4.582972045743766 4.915821710571229 8.615965714908986 4.920035211884862 7.948814050145553 1.5332257946394112 1.646239874843853 8.969179158020797 5.0187868683202606 3.801423746321735 3.257097942897515 4.812438371679394 3.8305828993490723 4.986264992715069 1.445286237372436 3.117593294418772 2.4437434709818535 6.224270571343904 6.520525342222711 1.908861819581384 6.941202034706006
    C2 3.163519980687322 4.27600114835391 3.3093707164481123 3.604003361802963 6.005938834502532 5.941154585867899 10.203326639068786 6.2374761742676 9.486187210769288 1.7665296371716723 2.1256986431681595 10.562026339803122 6.198773409195956 4.098943050002878 2.956963548514027 6.31150146790156 4.904920999223471 6.519720429620009 0.14960064337014076 4.650018084769779 3.9933244878205247 7.135694176208699 8.112204196331454 2.3165003734275706 8.336366792368404
    C3 5.636657301226881 7.878478990753871 6.566708892366128 5.562362878689556 4.966799434545933 7.109270422625686 2.771111323434708 3.6183677947964563 3.8248959594321534 7.61513190962582 7.933582323131427 2.276101683117862 6.410953088276149 8.877185111504444 8.564681257177144 4.269783207111016 5.187261010154857 2.3202640721661942 8.633051655271215 4.146891212772905 4.789659365658634 8.030346331747516 1.9210790876489912 8.064874241221581 2.461988123994789
    C4 2.3782757843876317 3.4987569811065566 2.3217225359994003 2.600892949178517 4.9951501027437715 5.043231592058728 9.220773185464267 5.612662196228957 8.474676149437222 1.7506139942944763 1.3703713091559153 9.613030923340716 5.247101688227886 3.527684311549326 3.3545210649090604 5.296820577822236 4.461928736628816 5.685625017921854 0.8829695746475303 3.8194866216686445 3.1427133942631125 6.29070175641831 7.141923925497626 1.61565539972496 7.6454314690535465
    C5 5.393690870681908 9.323720534897426 7.5332092364566385 6.391887615397144 7.430557330841583 9.376687629555747 6.937618624019196 2.1660175566004876 7.816487874557235 6.471098264743848 8.355242162470342 6.3092010010361355 8.87464915817042 10.085004314918539 6.546018738735516 6.898118702580497 3.2557400906993763 3.4739253491242645 8.022333064061886 4.405095224700535 4.966453519805716 10.615483237267654 5.618060802632662 8.580751126025707 1.7198010739112095
    C6 6.591022515199868 10.790735843639753 8.943771820627047 7.854873085168243 9.271307110810639 11.095036399881904 9.021271991276304 3.8118806550131117 9.908408933378452 7.086542708635775 9.50444191741756 8.347733679861223 10.662321148702326 11.435218985066328 6.629334843419246 8.796559281974583 4.1466745065965664 5.428590223000085 8.743252926999144 5.957481261283974 6.392208377991534 12.389307324769707 7.700466852496018 9.751706256844955 3.7929317690269846
    C7 2.328012371297019 5.236099476248917 3.7409956625376144 3.4752746591162675 6.0709709140479715 6.591826168609256 9.614298178261976 4.839446681275667 9.184482681565946 0.21193568108641886 3.1810058910762207 9.797504680674553 6.657672664712607 5.353535816545999 1.573435967948213 6.188386669580513 3.343707650664405 5.492038524847019 1.6410945502077556 3.719820026676838 3.182722167225852 7.90766492518954 7.494741324822036 3.4351002886827313 6.986797792825596
    C8 5.362739309033671 1.2061734640879793 2.9336610555872444 3.9132753470074895 3.352885740479949 1.3672695997365332 8.09037935335115 8.035789499709946 6.6137108142298615 6.301741699968169 3.3547426307036816 8.964996840077768 2.1203825671287087 1.6493095826740385 8.009826792758373 4.054919234390302 7.7670231046025116 6.9590249889598255 5.394407983364503 5.8074891087971015 5.367075498540544 1.8428688584344763 6.6253096150052535 3.143262319151423 9.373248259562788
    C9 5.604161495240955 8.317518825501883 6.86197524725651 5.786723960139097 5.580187276387344 7.722771695476157 3.665994502316343 3.0987358731630907 4.75582094327803 7.455278380580759 8.1381474617693 3.0275864023507633 7.057459499228339 9.279373158009927 8.235036204813929 4.902954450311006 4.74868967660791 2.2657434274529304 8.618470591660506 4.130117844925517 4.8065020812064265 8.72615291471552 2.7674122197850486 8.294095444177035 1.574361251467694
    C10 2.197919147049063 2.3245234762774865 0.695342463079578 0.6637378870730755 2.2467269607427696 2.8689751927523477 6.674949500045708 4.838618877178152 5.76698444671651 3.721961438495085 2.1711752081133144 7.222715348736464 2.7813207858438327 3.1544608966296934 5.421091897410065 2.565440787380445 4.524519282447905 4.0393446866756655 3.6355640297661425 2.595643042692703 2.1138621328540768 4.238218223223241 4.6978237787143104 2.2465899663734517 6.396890697193096
    C11 6.421470852536829 6.289900260595044 5.856271356268263 5.400146811417855 3.179284546712349 4.784112513759976 2.060871095132541 6.298176722285181 0.505245778950145 8.507279161319037 7.365766501731682 3.130413990167452 4.0295622234531905 7.331692929092974 9.963288400579732 2.702669023385354 7.35817994805025 4.487393731694052 8.853798795618372 5.321077025896617 5.634225251659793 5.1754531883569115 2.0145774494498 7.374914432912072 6.056171822613208
    C12 4.796583686670305 5.201295944617161 4.43708677116268 3.8446605200842154 2.0199144913802574 4.049642484269011 2.919984240417695 4.905897146058965 2.083360730360894 6.889430355038083 5.95256296397967 3.6521558488571677 3.3079309097048055 6.2515489508097755 8.335725117093665 1.3602360566951615 5.813489992870039 3.1215808188386376 7.307060902913348 3.7110909969099732 4.006814530548768 4.8436479980411224 1.336986752993663 5.994623694146944 5.088506209692105
    C13 5.473590355577138 9.038850149106745 7.341194855681735 6.191892412119095 6.794282478507581 8.84678644236912 5.735827473815527 2.232218254084374 6.725444514020018 6.89920530132155 8.35514398416975 5.063461610929875 8.276021998812016 9.887284958079597 7.257529515517838 6.196795526900223 3.760625313595438 2.8313032475594846 8.33089779529829 4.230831356654724 4.8758655312692865 10.00961600653209 4.584787647945732 8.558142987412571 0.5299820868168076
    C14 5.163170808488187 1.077267020259873 2.802717235513161 3.938921221186618 4.2034895043089495 2.5483280483293482 9.078065387309138 8.165107860088215 7.704830483134168 5.662985334639197 2.5874349849282035 9.874624634617344 3.240138137966005 0.4411986871006266 7.301567393425069 4.8759489840527745 7.627873837584627 7.348248803107261 4.501631953734514 5.928418506586514 5.37941030481049 3.1350177529821073 7.437104164498675 2.333720385562194 9.733922887918803
    C15 5.21687407083456 9.38409795325486 7.541554475410978 6.444093511047093 7.87418935459339 9.67837455827089 7.990248312865857 2.4123815700872067 8.723277873926031 5.901951914481007 8.15641104032093 7.438408676923828 9.252986533690041 10.04758284377424 5.696090816323035 7.417826897451497 2.813002178634259 4.100544235464458 7.530498724098002 4.538919575897314 4.981329677503537 10.976777298354886 6.493037364687494 8.39905214451064 2.8627602880382557
    C16 4.115551377641412 2.119033064378066 2.4243042640029158 3.4415056046273373 4.902959102224972 3.997499688834578 9.69617021368645 7.381563333294676 8.586332018142373 3.965832254437671 1.1532680616548183 10.31419924006989 4.493422238050611 1.5752736056333534 5.479963835298134 5.443704639365742 6.48482733903246 7.0070880121248 2.579312205690025 5.283628732733682 4.627202363370482 4.9499606302673795 7.790788632952566 0.9468831806379987 9.236941600201442
    C17 3.898464066464675 6.013851887534285 4.856860506890353 4.860521090652585 7.418025376727665 7.612590297901701 11.190390191554247 6.351958522789044 10.691015966261364 1.8038099326070414 3.8548452737971455 11.39524733764883 7.802336209520071 5.856006796291049 1.6720335149217598 7.615948576638592 4.770827110696036 7.091921224948602 1.8109340113728558 5.318537295058131 4.7637701271074 8.848280873362233 9.070588914578991 4.061567861966303 8.502627290287924
    C18 3.273167005015835 6.995774905423269 5.33980173661317 4.770921544595639 7.279042931301801 8.167594075757266 10.039556121397633 4.364279885913723 9.931698176512057 1.9599086059491921 5.0288127381824665 10.007070960141986 8.116242661963975 7.206017936059222 0.9505067764632619 7.236561697007728 2.6962224706017626 5.590819625220984 3.4887312669039 4.195832984472729 3.9168113252006242 9.521211439783468 7.975718845290482 5.288209186009793 6.437062520979215
    C19 4.016680312528571 1.014560706339326 1.8160280441383367 2.9596633969492965 3.930358033011718 2.8903174726168794 8.79423145260336 7.136984415726424 7.597028801663166 4.425325715961556 1.3532602297091447 9.479550168784634 3.399507840351266 0.8526439685701357 6.074823666435954 4.521947071310873 6.4767724007320595 6.5038577178328785 3.3282172701561508 4.93277255136327 4.333455366985233 3.8781111459445605 6.973978519233658 1.105780258264497 8.83449727159615
    C20 1.435153486930668 4.432546595443524 2.6830639898941593 1.5328119238806992 3.0754364284136315 4.647242385621013 5.858444968463752 2.738540568662403 5.511258351074748 3.5464541744423106 3.7849620097832117 6.095341996647057 4.291385728938946 5.234909707276062 4.895884464049901 2.8617841612545583 2.7367013178444988 2.1218450476193293 4.3518876904370405 0.5118720732800748 0.5762723105298861 5.975483453790799 3.738542968985024 3.96154393249859 4.350813464594443
    C21 5.448657148795471 1.1752586279382344 3.027614791551856 4.1193600726147315 4.007395622094373 2.1518219971169747 8.822905830468011 8.32953413171034 7.384028263567716 6.114544353191802 3.0591769227507397 9.665609320989589 2.887644714466559 1.0146563034287097 7.780975280162712 4.70026499026946 7.901637133960384 7.3946481387237935 5.028779419323591 6.086596062417043 5.579890642583254 2.577731151187165 7.277038859443278 2.8164097633351783 9.800222733257437
    C22 3.6337415494978433 7.83961420596036 5.988686887565167 4.9151792943425585 6.5680185736912025 8.247239853249495 7.518910843974915 1.3652694408388526 7.951214440151294 4.40180310759609 6.567222799103205 7.1831907817682215 7.87716954290575 8.4749285642234 4.459767467928959 6.189109787388826 1.2322023275841543 3.1633596893269167 5.996560405467993 3.092495854016359 3.4573726237404596 9.574761050859879 5.737820189804065 6.810342562441703 3.0100739307494506
    C23 5.99677639245341 10.077345463517505 8.254187383451297 7.131997430369506 8.34798917439313 10.244065186799538 7.91705066281493 2.948677602153467 8.82127488453235 6.800292666441279 8.956269760452775 7.249888141575398 9.771526987087974 10.786801965897705 6.617412304077811 7.839283030399988 3.6605214193038353 4.431074575825446 8.416312065186988 5.174059346927059 5.678074614058871 11.508742166259456 6.623236876980883 9.193160140260506 2.6886976074686615
    C24 6.516530753284747 6.671535180007552 6.129755872775961 5.593481829590793 3.5158649010777907 5.224040607720234 1.5664125773963333 6.134652540806544 0.46418765762293557 8.621515227586821 7.6455305569094065 2.629335115115414 4.465073663784634 7.718929689746331 10.025607174566527 2.9768062421995376 7.284862798682385 4.334233861667845 9.055978283139522 5.33478711416314 5.701688604457442 5.661291547986479 1.7713034967773087 7.669021606163058 5.738862054437223
;

