set P := P0 P1 P2 P3 P4 P5 P6 P7 P8 P9 P10 P11 P12 P13 P14 P15 P16 P17 P18 P19 P20 P21 P22 P23 P24 ;
set C := C0 C1 C2 C3 C4 C5 C6 C7 C8 C9 C10 C11 C12 C13 C14 C15 C16 C17 C18 C19 C20 C21 C22 C23 C24 ;

param: f c :=
    P0 2084.116935523119 91.96015416641987
    P1 2957.913823039783 174.72634865756302
    P2 1057.9792847198478 21.470895875271765
    P3 3109.42972312502 198.2791743925534
    P4 1658.0380776058616 65.03051574498978
    P5 3171.464136676953 207.78342206928843
    P6 1518.416521266487 47.03085068472184
    P7 1884.1932515463407 65.9792469007624
    P8 1391.0881039251851 43.20244075517523
    P9 1461.0057450595066 44.29910678975024
    P10 1215.0504263598102 32.686116476216455
    P11 2743.8681260678704 170.43408074736837
    P12 3204.120009490712 191.40668768538154
    P13 1262.830037808998 32.49044194244921
    P14 2976.4418156519855 189.30576930908376
    P15 2934.9845855054537 185.4001577349803
    P16 1214.0362064340393 24.566311681113937
    P17 1392.6825996470236 39.25891091956465
    P18 2962.312039898455 193.43741587141517
    P19 2574.244549414189 130.53281831342457
    P20 1187.3057364414624 28.33467834102755
    P21 1453.2409549522285 41.75749904974619
    P22 1830.7267375243173 71.92780602528406
    P23 1243.7774059089668 29.90565626226593
    P24 2743.6132894579487 165.20694529497092
;

param d :
 demand_0 demand_1 demand_2 demand_3 demand_4 demand_5 demand_6 demand_7 demand_8 demand_9 :=
    C0 28.997116015845492 13.74550391489133 9.99089217602392 19.98250747513432 30.226307486079214 13.539510967937158 17.28381916257873 19.7565950990006 17.585420154686375 15.209392738545096
    C1 33.36095966992298 6.888485257782775 32.72394921499264 9.361516598117882 18.37918073476707 15.540651002843381 32.43231488913197 25.635295579907112 32.36313863586404 32.32363935478683
    C2 29.26387629913191 31.153811023083872 26.354365170445295 18.741222082334296 7.774433939091817 34.3257088465041 17.435420418134257 12.342507845560291 15.679529692690423 8.072535742344606
    C3 33.22627661000125 11.969841905299017 13.557397465917578 14.606537928295118 6.651009084616124 31.22905207299434 21.674415348944056 8.580639905792108 13.695685928686878 9.636647441249242
    C4 6.968827736754768 33.423461359654475 34.19618267760262 5.1288291745223455 24.23937958370516 7.6279589270864 26.307410203199755 13.316511025961537 20.88836989677247 11.633405051732112
    C5 31.75709639876611 24.340160936685805 30.17995030614238 27.154849442723147 22.502943246014528 26.83560070867945 27.657312433765554 34.829988622060114 33.089510592108965 10.652503548958911
    C6 18.736223597968092 17.350751886972322 25.78577806905906 34.26803108470344 11.664315711248669 18.326610865040344 9.10781119747256 7.001744791617539 20.415994791794155 31.911701982912838
    C7 7.405112100545129 15.283774358576647 24.990678979707646 14.938419382403183 33.06995230177681 34.777914974602254 10.58019254333162 27.366967207586654 27.99327313036396 23.402850782048585
    C8 31.93837579611208 24.381536793744047 9.604544005078385 26.163540697594776 13.337815075155124 29.110565135442695 16.45308597895425 22.431973102797397 10.49742492244155 29.942485455981316
    C9 13.651180630532615 14.789192412677792 12.137159731295107 19.2173202103326 5.676459390727327 13.659020549906119 21.616007795315745 21.967237689212375 7.835259571394879 20.769584740564916
    C10 33.698807897481466 22.800717651662676 6.234543694654039 13.694815479875851 21.152368824806373 29.17018355309978 6.266987433165134 31.050377545784013 27.578855194256285 20.962869609716638
    C11 8.280947617761688 25.90590742159625 14.498775133756958 33.32028577197231 18.363742458163955 34.110820196060146 29.78744915917357 23.83988142443735 21.311370057450276 21.53338485261758
    C12 13.27828208625866 30.257236111566883 8.794205361803314 34.42069336639324 25.1467332894259 17.7149659533662 30.037556048901735 19.28122139891805 31.17329403375322 27.689202309231522
    C13 25.91246332554982 18.357689110489282 12.812215917484195 22.211827486802875 7.621308112704641 31.892864796711603 14.117431378536034 25.82735296002346 29.804659898205447 8.419002089801339
    C14 19.889862049482332 14.122470148038488 10.53489749248818 9.41250424077574 20.353625653927836 9.187030606458677 21.77843170013786 8.587510520190493 25.549014538499087 18.814740758247186
    C15 31.249794186112915 8.958627558860611 21.874617272719973 21.956945448043296 10.833501180365388 22.615402027503187 18.90355502617066 20.37577608219324 14.032169268606372 7.292009767122338
    C16 20.6206291806932 28.680447855553403 6.040672659625099 32.20642363778325 14.532734364980133 7.582339229503114 5.805200440709192 22.25791059826577 25.563311583839543 29.565342321522266
    C17 23.818285917346984 10.152113763079278 14.508312935685193 18.263166026477016 23.15233465542402 11.233513721055791 5.073400248741499 30.358402041987443 25.65039925929666 32.70229258031682
    C18 13.795083258271957 12.80022372904016 15.315410453366685 25.674409444402666 33.30206492305866 19.23839390018189 12.880310706832123 9.885416980457563 7.875002295021782 19.385546896206566
    C19 34.087238166273394 19.52729337779484 16.187448080277985 26.94921563840983 32.253408506534925 31.025774596326286 33.68079788399231 6.75531181979264 22.40139924398721 14.3472039754057
    C20 21.24304874205324 34.121721451315196 21.19599788832642 32.00523407163044 15.831946074416784 34.599150419700905 30.027292140549605 14.590433342988183 29.69944450491313 15.877056972462082
    C21 8.960821063944305 28.092492113749763 9.877928242156568 9.182698803694919 9.438378151349074 6.983473435003979 19.1762350777187 31.349517932522975 5.38692991516354 29.51116109831733
    C22 15.401007403462373 6.419568094984815 14.04679308566973 21.52879970897945 30.614122098901973 33.80285894662415 24.614389166067568 9.0649218165991 20.54512238832215 31.69179156145045
    C23 18.315801561856844 15.593626860763587 32.61301927825627 14.242466023146122 16.08889901327624 27.683421606370597 31.78059576921665 9.89926555444784 16.190425853164754 22.929459182125576
    C24 24.340533246431267 18.67779611562502 17.136869936675335 17.0488976577346 16.184934529406753 7.653448359657569 17.514703164854414 13.180110609791452 19.54697074264165 27.907686375851508
;

param t : P0 P1 P2 P3 P4 P5 P6 P7 P8 P9 P10 P11 P12 P13 P14 P15 P16 P17 P18 P19 P20 P21 P22 P23 P24 :=
    C0 8.840946195375812 6.9500965221029745 4.837039869517216 1.0380381936678502 3.0495083014563633 8.692387019581618 4.509960569975421 2.0541004076419607 3.795154015706186 5.08268018834136 5.8312830723955145 5.168872639931418 3.205265701443649 2.797063995132329 7.434933706832533 1.2254179876785254 2.974991498531232 2.865523510500073 5.509084708160694 2.7606588848308826 8.065608709877564 3.7263544400482314 7.666901014141542 1.8391840798933543 5.798720415851491
    C1 9.729733847102027 8.669373761336185 6.543535713067495 0.6980241030835989 2.8095400501706944 9.593543739867522 5.963816113401225 0.9713547660509664 4.925307090747019 6.306756161971147 7.552048305799336 6.826695189707688 4.813006658680374 3.532423165425737 8.893261036079293 0.5766688552312612 3.8353345572211897 4.437177025618081 7.20075481729308 4.453881292216589 9.642949218783007 5.135545570940339 8.809267876380675 3.227437573606333 7.040128962380954
    C2 9.82100174727245 5.611064642742772 4.111938078342164 2.8497767457698635 5.102947148145275 9.662276085245562 2.4613859678140932 4.100514176501915 1.7576280618332145 5.811977137995945 4.827325883645398 3.4986914036551156 1.477803821050191 1.4985005864840208 7.503881715346571 3.178151129156412 1.404462736201324 1.0651859679275515 4.844214136353158 1.5677537292221901 7.764348152683494 4.292972367843077 8.340614825785726 2.992247400931926 6.430698283584314
    C3 6.778134522833526 8.078119812185504 5.5678127125719215 2.9021755794460704 0.8251550138345052 6.649858312388454 6.813913865801635 2.2392287169507004 6.448580066347425 3.827617927795352 6.689117979423505 6.907323775348065 5.318684798984364 5.573783556572231 6.681502730763077 2.609405883134923 5.74074411726802 5.109618227389676 6.017915074248216 4.617260252959956 7.728285742319565 3.2143842529570437 6.078798455976868 2.097957840992955 4.526648189702948
    C4 5.928517193427264 3.0694921596172016 1.8824685378499586 7.317807137108716 7.155949609115124 5.778182416233641 5.598865533355503 7.802524890821182 6.768268139615765 3.1514292391162453 1.9301275411790981 4.064233744036366 4.786462150450023 7.399287647785732 2.014332822521027 7.3720234134713305 7.220741515813303 5.086653299606821 1.2182268630449675 4.364633437186706 1.8415997876983146 3.11689154362496 4.021081898092166 4.781003977006672 2.9717626995363244
    C5 5.087709912398392 8.93789464495891 6.407085935259996 5.064465130226317 2.3890010736748364 4.98628793328237 8.514781695378169 4.254558603214347 8.395922731427161 3.4655793774967876 7.4779866306236915 8.250758342658413 6.9927565713626745 7.668689156310014 6.228262363054462 4.759509041247588 7.805684516203204 6.866412468344335 6.6436003026936845 6.22880963643315 7.517474500374693 3.7685668587326178 4.916813326218346 3.7232649526394668 3.9478686839057255
    C6 9.087050456335504 2.837722523696242 2.052073236260589 5.294907208802804 6.7011652131462105 8.925100812721258 1.7204246620628438 6.335147354820951 2.9863421895940205 5.217391039838704 2.2772402134506393 0.8835055359216193 1.301111741715376 3.99667508051031 5.807533861963795 5.536789175631844 3.7233380625682906 1.7126394147384825 2.667684763134578 1.5573470592071714 5.636718142681705 3.9218200134863364 7.311486407074302 3.9351858012900442 5.5899124216564635
    C7 10.208766404824448 2.423754177275033 3.0317774112957534 6.537820194308034 8.131592684208801 10.048716011210574 1.6951968554124608 7.657895892351696 3.3163621818002125 6.483628241315117 2.688540922466307 0.636980083256272 2.4135318040485805 4.697293700047034 6.601926060321464 6.813403658700688 4.363991671233966 2.7911918773190414 3.429681177499919 2.9217912480752912 6.13302282279529 5.288889054436212 8.366973942620564 5.380448172684589 6.771313483833055
    C8 12.471623675782837 6.473195697193839 6.000037463707565 5.035316307135754 7.703517394047204 12.310690542968894 2.4486808494456183 6.355511424809749 1.1631808354046582 8.444242829948665 6.293094726986576 4.222543137187299 3.1696838531933027 1.9857689530744231 9.712189830302036 5.416175107002884 1.710393232978352 2.9944761983121975 6.673728278809187 3.823407705650404 9.6626959911428 6.933949027639617 10.88048717726785 5.77907985585459 9.003719765692415
    C9 4.189812344483345 7.48673125468513 5.008203330647899 5.264972611064018 3.243880582832773 4.055355757588971 7.614362939498044 4.838785741098413 7.788777529874081 1.8270231457474826 6.025722139793771 7.071149167774248 6.123287583522319 7.359235271061793 4.600894632433818 5.049902962143835 7.421966000693496 6.085296968985822 5.149370521238578 5.34280148744234 5.874778903556853 2.4242458422417883 3.528734698527956 3.141645630241588 2.3156945572811174
    C10 3.6420500213919897 5.8136214837046305 4.713592324428493 9.125450712752185 8.029529401830711 3.529148238182728 8.484528085732325 9.229307459639505 9.52080281065321 3.4343899994056324 4.866451409296123 7.008615517716773 7.504237608298446 9.917431462450727 0.9570620537027857 9.068520292920384 9.796788421186607 7.7429161840905945 4.139933826011594 6.946967436991293 1.8826041931259314 4.526281195280105 1.9967922212036338 6.446900687634458 2.73799125553852
    C11 4.195645900793485 7.791735283888298 5.309171379202324 5.322114482423206 3.1537849351351377 4.068314859509984 7.862205678690705 4.82103835790774 7.994258745678858 2.1194882697750836 6.330442170241159 7.353241245410976 6.363504701211319 7.515966851635014 4.856342623062854 5.088889026173689 7.59109988937397 6.312446862734168 5.455424097376927 5.582935651540291 6.148110043829776 2.71424103606764 3.6730482504849684 3.315530380452994 2.575331445061855
    C12 8.70554038606561 6.439650632961068 4.355390492982588 1.538666775581965 3.363209707743251 8.553499175198407 4.067245324337399 2.544831248750134 3.4792550410465646 4.852310389438889 5.333913070323501 4.663337776507571 2.7185158730025045 2.670232992982106 7.082129762060587 1.7375804149881302 2.7905199799474234 2.394758776708359 5.038082944649095 2.250064796009382 7.654678189105177 3.4319079674591784 7.4448850541110065 1.6404442549981701 5.552162810568262
    C13 3.755345941799999 5.338293719667205 3.430976977145809 7.057665653016665 5.995119698082167 3.5968477268578374 7.063714750998475 7.143197568087837 7.870751458916425 1.3900663265985747 4.031093525119221 5.855383203874723 5.873276693462632 8.068473759862322 1.5005409384486699 6.989712703577285 7.987249884647291 6.045226617416394 3.1200166787708934 5.220178273494152 2.772352620508864 2.4776517468625676 1.9178272270189187 4.385464757869099 0.8111810852699324
    C14 1.7183181331975095 7.690326783122505 6.2000503096226165 9.526794893664773 7.840514308273319 1.6406206497939642 9.907129677758332 9.346471017222562 10.73318945155128 3.706996135662245 6.59110675221166 8.604942466311218 8.737825818158969 10.871197578033499 2.7273701083625275 9.390537600938895 10.810552218283803 8.90552037405164 5.757518148607855 8.078739000681765 3.8990244604073454 5.1629223324551585 1.1245169970210391 6.949652537594842 3.009910106062457
    C15 11.626492797055965 6.250782498708879 5.416635211838212 4.097410838862149 6.73175233625929 11.466575964518938 2.2790037764025617 5.41960586011522 0.6566132499052297 7.603042878700742 5.859102215189957 3.966238504024874 2.511391763602977 1.1045358956165776 9.050359088463482 4.475373770653358 0.7762548917413421 2.2492002648633496 6.122122937444643 3.059459720553748 9.116794620685084 6.084710383819853 10.086426797567313 4.836271910603016 8.190890110455015
    C16 3.3328837972546994 6.160451199141869 3.996252338672763 6.587600392852009 5.179811859486118 3.170773606264766 7.382544093653115 6.500932632301415 7.991899777151874 0.7539718042266513 4.774991162373524 6.374207305950899 6.059750350265144 7.9821311561883785 2.4863505863907305 6.46890978826551 7.947917039336795 6.164897453468838 3.8451877778014456 5.33907971084142 3.8141005773965073 2.2560317503980123 1.839130662089712 3.9936881579831027 0.2692085108724374
    C17 4.141361994928707 5.084486328479888 3.9552252888400474 8.57657429842589 7.681607193447421 4.011832896974053 7.724415434227403 8.76528977376777 8.784250426086484 3.08167690547346 4.102043949596505 6.240720617637075 6.7700746167015335 9.225958392381354 0.22864564242396546 8.543308657376496 9.093777233261477 7.019853991687562 3.372818957067398 6.233530242602078 1.373098830368761 3.9826846539166825 2.3225458628891147 5.899707811722362 2.4605850645923057
    C18 3.0161234497361527 6.7117752203146 4.501024773331555 6.61129279012687 4.968608074349111 2.8573168149551567 7.7861324130571266 6.411261566876715 8.312147858618367 1.0380675924941571 5.315184356190979 6.851046896908082 6.420393752399477 8.206443473375952 2.951738852777859 6.46162079645188 8.195230940424455 6.497042797178089 4.385675445332023 5.679167009296991 4.318869097583721 2.5317530210865136 1.8224386452027073 4.105288934143114 0.8330734843405417
    C19 8.006747356330699 8.867105840150796 6.439292233643048 2.230217911704217 0.7521725611364395 7.88359075862123 7.031678639238158 1.1364171531879266 6.3702958154458456 5.087369816432563 7.547287903668489 7.431431146969889 5.625514666963843 5.233918714553944 7.914090027156947 1.8585624549239528 5.469334011882586 5.33923682040629 6.968280176351901 5.026017769396774 8.904867749530503 4.3223083423013735 7.361664468463659 2.7971749510075083 5.795941164874402
    C20 4.410291322704207 5.228370772624119 4.420828733175607 9.258350331219605 8.389221381547562 4.2974282650827895 8.16111693490774 9.46778921710535 9.295122544253895 3.7867411309287706 4.4107804169403995 6.602837709754446 7.291670191342004 9.809613558375265 0.9222872641205794 9.232734451652707 9.662783357828564 7.562374160041243 3.780602597860238 6.794606071078539 1.1633066396190497 4.673680454148627 2.7327492850270954 6.585322479736834 3.151773816393974
    C21 7.014002240760337 9.490813065399852 6.964054170152044 3.747452777237431 0.8942166293231655 6.909079529283034 8.201810774918386 2.6441719084700703 7.720187906649648 4.796798541468499 8.084279542610178 8.348345461252935 6.723972664471114 6.6917851252274865 7.680572520044196 3.383436963694541 6.902924464971756 6.493158778275468 7.375097270486969 6.040407274530751 8.8415818072471 4.498218131870645 6.696138735778311 3.539246830199957 5.4233056887186795
    C22 3.503233342453424 7.606033568769036 5.204748593212543 5.946536070315428 3.8912441424252036 3.3692007491527045 8.058899306260619 5.521151796053493 8.329551374789538 1.7529611920396002 6.158779591167836 7.3895666971175675 6.593920338166374 7.9718306749090395 4.267284023954855 5.735152525587688 8.019394034360749 6.587397402125333 5.251466795972158 5.817443840052162 5.60941803985523 2.7531992836381884 2.937633430403459 3.7490163522336606 2.032742839160104
    C23 5.234435804782493 4.3320897056262035 2.022646078503651 5.809539540423129 5.33301457988837 5.072504631893564 5.487720755089836 6.121782314416972 6.2666359689273845 1.5491296568109623 2.890690622479144 4.3968454522151506 4.269050803064834 6.511824127194173 2.572548594521515 5.804016222440739 6.413416914205304 4.442699244222787 1.977325252769947 3.6194643566902696 3.2932956837698018 1.3154180656469876 3.4877713314626835 3.1542882890401276 1.7506946247058044
    C24 5.6367356426805015 8.805299826557293 6.259845699043351 4.459458179713758 1.7671891882838033 5.528221745616571 8.120479394210376 3.6302831360318457 7.914753562310441 3.604499220247112 7.356061666800341 7.968773895320906 6.60052515865969 7.124409757266311 6.450409161568205 4.147624477788396 7.275623993135288 6.4468090498947745 6.5609880626113455 5.851139169044862 7.683251504066593 3.6471402814306293 5.324234455602685 3.3059129639094316 4.167763045047214
;

