set P := P0 P1 P2 P3 P4 P5 P6 P7 P8 P9 P10 P11 P12 P13 P14 P15 P16 P17 P18 P19 P20 P21 P22 P23 P24 ;
set C := C0 C1 C2 C3 C4 C5 C6 C7 C8 C9 C10 C11 C12 C13 C14 C15 C16 C17 C18 C19 C20 C21 C22 C23 C24 ;

param: f c :=
    P0 2206.7257116071296 394.8983329124502
    P1 2031.4995009164352 385.4584027800273
    P2 2106.989700747579 387.6622654995633
    P3 1195.1301154062069 122.74980680237951
    P4 1652.6128423341047 253.3528848159853
    P5 2281.914460018695 423.2318849261417
    P6 1735.4735276047732 265.38252933108225
    P7 1602.9680832687088 206.0483744883474
    P8 1749.0327527945587 265.5165295091645
    P9 915.7461775460455 67.35007965565725
    P10 1979.4171903542806 356.7537537808493
    P11 1912.942298519925 317.1878945332632
    P12 1248.9318947632894 124.46402033920138
    P13 1805.9349800305379 256.24987031350696
    P14 2168.773760980541 368.39347545421
    P15 2142.9693328425014 412.0145762813779
    P16 1028.4797615343068 81.33462323928116
    P17 893.065254238866 66.86221398528673
    P18 1360.4655224747223 140.59276032738066
    P19 2304.157917426249 473.73217369338886
    P20 1656.8044378259374 251.25784848206837
    P21 1746.2602792282423 272.44676408100025
    P22 1314.9848878448154 153.79600908880678
    P23 2173.374550012902 442.3960174728312
    P24 1799.6585293349149 289.39698372118494
;

param d :
 demand_0 demand_1 demand_2 demand_3 demand_4 demand_5 demand_6 demand_7 demand_8 demand_9 :=
    C0 17.83180379249779 19.330603808967844 11.756725083114166 21.082151228756764 7.782384214921225 21.029467812989317 6.877846340863615 6.959132176698057 26.12815225533792 33.36343575678305
    C1 31.65666796742353 14.462791368165366 5.183199231870228 21.367334216424762 18.44710568802983 11.66736614597642 10.446178269884093 14.311749091256535 21.209077371906705 27.2569176803146
    C2 8.686257313401722 17.76410626652503 29.913100991063338 12.391423199508822 14.217689395527168 8.744352950867519 18.35511021871332 11.297004404730936 17.287962510489923 30.27761062808389
    C3 11.927785859566178 10.347812961988925 34.083474681641135 15.39515150092953 19.148477814418314 11.533197184194316 14.171886907948636 16.881613314871124 20.662016635501992 6.5402639312632616
    C4 32.56801969460243 33.1682213071976 13.624095767665715 14.6295505119187 27.940573029098243 7.494376571591255 14.801441914975396 22.62982314927903 32.13806315231841 9.303776712296255
    C5 14.090482879361641 10.424001095790604 26.85962468706775 25.253202986991905 24.15885721478401 28.625459164823816 24.826814877846886 22.267752794240234 10.106035616372026 18.23322148886153
    C6 34.06786827416681 23.26965235350603 11.544840805596273 21.62431545363158 15.69866026320545 25.651425168150492 32.79746524857825 31.659764284507318 13.84427138936425 22.514209627232127
    C7 8.945801169004957 14.953556560556255 9.986724265258784 10.129075686844729 9.23438220416675 12.189377805329475 26.868156319802893 23.8731495575309 13.308060557273599 26.933842347297027
    C8 22.859180257799284 11.463645606905997 29.866984157678356 22.533678040339062 18.150812210256987 24.3292924436552 19.478927659727887 17.900348736791262 33.136490251406975 23.276081307306846
    C9 6.297975792004462 24.05606813300765 31.984124540373394 14.158215188304595 20.867731883779197 32.55332505722538 29.17331012731394 34.150063598014825 28.29436961934778 31.91582076160042
    C10 19.518438936976807 24.797195485583366 6.690698043254979 25.4380354676466 27.300497037136886 34.41209111710336 20.355736251921027 15.243651506153853 13.92622410191294 30.37185049754383
    C11 24.957954587700385 18.18730476345007 27.230669613734673 15.388260142492449 26.96746020670159 17.813720465378257 8.045814971301866 23.28774152417673 27.532477290741294 30.157749296869042
    C12 33.64076430095869 5.881986824859631 16.831593467531903 26.384079648379384 8.364049531504547 6.1230370058819314 21.93575178015463 22.253466975503542 32.028320246794635 29.600050554646323
    C13 21.758782767292907 19.96711819782179 24.752360996194525 14.378834463969577 28.684121484481793 19.2330280332329 8.221397926563121 28.708898431582703 25.09975834527734 13.977191864434541
    C14 32.873768747047166 19.412009470336116 33.39514563040537 17.182406510931884 18.83732299188133 21.04843681073735 17.745673437168985 25.684811928182363 26.72591435711559 21.213437211706808
    C15 29.555006157579857 16.66392906835094 32.91554828038548 34.32495091163153 15.692213530968342 10.252477335650857 19.35098525613357 8.364966000964689 22.48516776503149 24.17893251965252
    C16 16.22675735462487 21.235515614280185 7.039683817914658 14.830752124470518 14.008407675250135 32.4082606785334 13.776120903912854 20.967979415262647 18.141212650544173 32.21911740151326
    C17 14.026504369079733 25.542028945416366 26.51393453310416 16.047301802400003 29.173329617079112 7.049521361133389 31.080695923011582 21.623107568983208 21.831200177409944 18.55559644819357
    C18 6.1585809389866455 14.77040910103144 19.16904275942487 7.52100187136829 22.132282061754687 28.832116687466566 19.896920715486033 19.39071682718583 31.305251353443097 7.4584786881779355
    C19 9.25290140227916 22.918631707766053 32.69407133284232 6.9968033704323584 10.983163921525508 19.39757061227524 27.056620004592272 22.323183272099918 29.716556469007653 5.431661291322913
    C20 28.343562809984242 23.0234681301728 24.202775242146785 15.079647358410867 13.681548799739488 19.256535067327153 18.28079247675242 20.93875145299453 31.694988196405387 14.844985995578636
    C21 8.504874555082754 14.787727632535052 23.999219902584823 6.566763116961642 32.03906042941688 5.28928032932602 16.366997048299467 12.018576301483877 14.857802458504462 22.417984946620663
    C22 32.3048357689812 7.891667153262306 18.899432978329095 30.55038436578186 11.095235951985497 29.816297714751645 9.87755833398324 32.93371148789483 26.29936268277794 13.977461065926569
    C23 23.338454946284706 29.722684432070213 9.711588120221798 6.414908251897872 15.001101173021198 18.04384801923211 29.272165089284737 26.266107262756073 15.455884356997993 33.96458758324954
    C24 18.085638777667885 11.952807799215066 28.17202685863523 14.25541473909162 19.649911711486823 14.479090873361647 22.665510013433344 9.911774939715787 20.5969786181491 32.76321612195629
;

param t : P0 P1 P2 P3 P4 P5 P6 P7 P8 P9 P10 P11 P12 P13 P14 P15 P16 P17 P18 P19 P20 P21 P22 P23 P24 :=
    C0 2.7572204307770107 1.71335431874552 0.7221270668315847 4.278259697762239 4.685949666733258 4.465140810720024 6.965783955493876 5.539782282392936 5.580864379320458 3.328196363391889 1.8880810448190557 4.642946967777029 2.4077128451034255 7.893713500127435 2.415245158216135 3.618603420414907 3.8079870776245524 4.400404033892541 4.203764500849706 0.9703704771919264 3.2828623972528947 6.2182882490130895 0.9926685728580595 3.775903279315182 5.730798415668467
    C1 4.366695733022791 5.392684167532137 5.209359918272809 7.935642768497068 1.643227157870693 9.489462846048028 4.571197983121859 8.20590065159901 2.9752766158033284 6.4020959580182915 6.926266960102211 6.301311983814328 5.386222208678935 4.628281063751585 3.5551924767934557 5.474071252039748 1.3615912277606022 5.7435111799504215 9.184982350076652 4.9425575915524105 4.5674196143028025 3.947025925763947 4.079591011252885 7.3948067485947675 2.4399620020051542
    C2 3.4763835889753167 6.227563506894627 3.8845961364006385 0.6603010099326828 8.317945652476729 5.938431489742659 6.722185105508791 1.1413115670287373 9.580340232343204 1.4776386895904463 4.009929862881652 2.2109554644427583 2.591960667005695 8.028438787345443 6.764375718607388 2.472209657173488 7.11183885088285 2.648285165318293 4.149228053678916 3.794750762184511 3.328731083536014 10.39633588353823 5.094085874521795 7.835702288047331 6.916762075981121
    C3 6.633407508243767 3.304400962722398 4.403910453972434 6.311142253160471 7.7739182653489305 1.8499448063202786 10.977489196953233 8.047959131640475 8.060028611297442 6.302751335017406 3.0354930436422145 7.986331634202175 5.884993071744249 11.918917411275858 5.216694676854447 7.156662408753119 7.3187894795594755 7.933541703349823 3.502189775586313 4.78737950688653 7.106454177779421 8.274943326045625 4.813273069391 2.184947881172297 9.722300633885329
    C4 3.783337343925583 0.9443025971938308 2.276220157426018 5.869546763079634 3.6085638757506904 5.248283713875389 7.404123992209916 7.061167539958989 4.217268133738008 4.83025697549982 3.1892319920413255 5.9487127248484395 3.805932932697641 8.11917302145621 1.0467624969416303 4.878015157914311 3.0893328837082197 5.613278543261505 5.474939044586822 2.3916846224030945 4.324050113214034 4.743041711583987 1.258728439080166 3.117615896068027 5.783484450258605
    C5 2.7801592427703654 7.115639982247708 4.8946462894230365 4.251628901105464 6.924408665875839 8.812838818772839 3.0939358000439636 3.3119794114304186 8.385508569514135 3.1455431242849032 6.188095606651957 1.5307181073798688 3.290583622507299 4.4172905275355605 6.587135852913709 2.026480803270344 5.715209292561316 1.2924771150301275 7.383065078521918 4.548588526317105 2.2374751073967216 9.348108006894897 5.294575557826249 9.273241777929027 3.959040249398032
    C6 3.020298834673319 2.5525112548821753 2.6259736619734744 5.992177726367785 2.4280056742409992 6.610689894997109 5.940298050397632 6.817444782136874 3.495904858867519 4.652732555410789 4.164353367244229 5.324773408987635 3.532024817821066 6.56306658292225 1.068153707395563 4.265055025530014 1.568633662081921 4.879777583870015 6.48022206607255 2.488836160156422 3.500513919458351 4.283469098690912 1.297045708924203 4.711042376660671 4.2022171954460195
    C7 1.7286625485627851 5.7291129146081845 3.349717638484791 2.601128989653284 6.621694551987362 6.994392431156075 4.580018759383637 2.327169484388191 8.001027074106178 1.3195936635255532 4.426088434080854 0.6193384880169318 1.6405736612519237 5.864336740395078 5.622311176289628 0.4744073094573475 5.37650778760968 0.540983271604683 5.558647422796893 3.060107084765202 1.3408395137932647 8.900114648978013 4.088944176006962 7.759262008445722 4.721405409344842
    C8 4.72093757225362 4.572588132193972 4.969483538998713 8.120826558503419 0.3319807227215733 8.892098271222807 5.808719293315223 8.66014726651558 1.7821867771149693 6.658270905101054 6.533411837103065 6.887075880386848 5.56369360389633 5.942039264858378 2.6563157889621247 5.94018863527501 1.024008742251297 6.355987727016814 8.851899624136095 4.784366229364251 5.048622136806841 2.7664515834423833 3.668305687939551 6.378551310511926 3.6935130789412103
    C9 3.226495755702279 3.788661585418497 1.910594981200553 2.174140595680875 6.957619559811937 3.6261777371959476 7.582906719219098 3.816798425730701 7.966320747404241 2.1010100251763033 1.3146365051846443 3.829609347700666 2.1162542790894774 8.746901373340995 4.83299001018239 3.1978885992696626 5.9255857677594195 3.898020060846634 2.37051104328075 2.0924023981407034 3.5075436867169634 8.633920002508075 3.2683658376975666 5.163845257992563 6.978144125350097
    C10 4.125538773691807 2.8675460894584255 3.655448939334645 7.110354113636834 1.623392082781384 7.234057690603098 6.544288954805692 7.953671663714434 2.411660420786412 5.788850644223227 5.021903851499633 6.427686338461816 4.668566649821015 6.97739903957665 0.9510191407174416 5.3785851534124385 1.4270535272151033 5.9641218102909495 7.345169123708787 3.5693214402294133 4.583365230015227 3.153887026783862 2.2909553508271427 4.706877175073954 4.599998518839866
    C11 5.88311106117829 2.6111829963677122 3.650017050794711 5.783078943686164 7.098057203033474 2.042452262874472 10.212655177953593 7.485441429064056 7.465222065736723 5.648905306637547 2.3886175877729374 7.307223268609196 5.1693919427078985 11.149989594825463 4.528166257463444 6.447011397191203 6.592999087429926 7.229652793809235 3.3117827043685537 4.031769077082934 6.363547286365982 7.743405371376186 4.048987135099125 1.9933885485446217 8.95498724030786
    C12 2.1039196163488723 5.7781320198032935 3.3550894320055265 2.0330480228689454 7.038948595820843 6.655756961597734 5.142119525415838 1.8404006932375492 8.387107060237511 0.94698763728514 4.203292770506807 0.7929036836108465 1.6694007123085297 6.434588028842045 5.860439232865987 0.9082686794079621 5.80050856249874 1.0588220065271157 5.1273387829792005 3.1163550601864927 1.8140492210554238 9.263993270096371 4.262238289407202 7.712888979180635 5.299868820719283
    C13 5.200018066834553 3.4678455013918303 3.1700829178056624 4.189997595843947 7.7013740927725305 1.4096633862049346 9.638581704371294 5.950057581664815 8.363749359770624 4.397252720661094 1.3908082946558145 6.124268589033697 4.235924466461007 10.717866938708788 5.1950802425824785 5.432906862064128 6.932987251806436 6.166052446855865 1.5571514695127795 3.533062623779814 5.588505068708411 8.813149406608368 4.131662377352697 3.7343256337814026 8.724889868448575
    C14 3.5441957415472594 7.038100280284261 5.575695684775157 6.688885482127737 4.92359399559931 10.10193920960547 1.2628487467406355 6.22499373417356 6.349970329573841 5.216995225482469 7.3057260298896 4.226218504110365 4.662926422547179 2.0289373480889283 5.740618878338093 3.930610887859212 3.979570615464194 3.7056969025162587 9.136528104260703 5.194061888658822 3.2954884206968806 7.331803589692457 5.178549063854661 9.294466603738629 1.0332302078424234
    C15 7.119500457422571 4.516558356745148 4.9924929255401285 5.993896132096196 8.995363994572044 0.725736468411389 11.5529219841427 7.769012411370757 9.406100657672432 6.352465919642195 3.296885381828823 8.081873977340123 6.193513755773131 12.594837057493978 6.4218896382142985 7.400032469250718 8.409770852389531 8.1332657213026 2.679958044706561 5.372553018167024 7.53002405436816 9.681592140579431 5.721891785748246 3.672856500823513 10.51978856066788
    C16 4.011164886109066 4.584912896847177 4.557118473687294 7.5005334699814785 1.1600673457072939 8.734223277498169 5.01546879285864 7.932844562860064 2.625827697702988 6.000996486857842 6.226991540583357 6.112270611240795 4.9344713998119865 5.240203683896669 2.7386173170488437 5.198945391834464 0.558986657654645 5.57179054128969 8.514048115151196 4.321840561029982 4.296861018317831 3.609118108115172 3.3549216931905566 6.578617362054727 2.9264546347785885
    C17 3.865136317021631 1.5355539944821541 2.7041080543305016 6.296756383709791 2.964026327374513 5.899544437560779 7.144311300017315 7.378161108660549 3.578519204870551 5.150152684346523 3.8036803492678595 6.116353049743212 4.074797958487181 7.772618629732481 0.3937859016137911 5.038746930254962 2.531762483437201 5.733410616448122 6.105888172668456 2.7408854549163904 4.390794610444833 4.143852188820975 1.4560792001253275 3.543096268504791 5.406604709490547
    C18 6.172024930672811 1.860303848645429 4.125767222778415 7.205347640953635 5.726258698492833 4.207062215732668 10.06369011169818 8.741136838680102 5.749457513340404 6.635771224560541 3.76791589499228 8.082898804393029 5.838676343455191 10.79073971331866 3.3668374184058294 7.074092509035773 5.572104612274909 7.857941130134338 5.371861607213226 4.426305943630027 6.709868999330747 5.8511726079509465 3.7630614306078725 0.4862733459117119 8.44723354786038
    C19 6.045690146461866 3.04549183257517 3.830644183545232 5.644083053277511 7.529745460825968 1.5538002131254798 10.424593658835494 7.378610436063787 7.933406081176955 5.6428343365283675 2.3803555549099404 7.333909862310777 5.256679849084572 11.39875258924997 4.956350959457843 6.521880237964654 6.981576293072989 7.294068768884765 2.9433393950363733 4.2162562960250005 6.505658091548381 8.22613522741314 4.3659786028268535 2.442530035241773 9.243131671472325
    C20 4.1736848150728125 0.16887059836977397 2.291572882871146 5.746261103084666 4.3904948621552204 4.498948896953406 8.055682757411528 7.094349730062797 4.890209867127235 4.895143774083347 2.708776268395892 6.1945358431416935 3.972233459644383 8.830103678076547 1.8169007539162771 5.151194386426835 3.9005339810441395 5.920462160737461 4.898893929307222 2.5240713623553157 4.715444925104401 5.323663688032107 1.7344898573993917 2.4309921425844134 6.521093461517341
    C21 1.100438333005189 5.336157626240317 3.057665019167154 3.1445623869272814 5.916215353867184 7.072399829548259 4.165422221632976 3.0491669088980533 7.308772740982379 1.6721420298277214 4.382331364800974 1.2268182317093055 1.4658155589556645 5.404026373578993 5.043351490968611 0.37986957354068623 4.669788440839739 0.774776423494115 5.793813317432361 2.7204147101017355 0.6352286444545721 8.218856575103375 3.5894812086810535 7.454135269743211 4.075784455541562
    C22 5.258906167654588 8.378065171189844 7.184853041380498 8.435334514752586 5.400208402216412 11.739528225754176 1.7034910609002663 7.8867106480300695 6.660448676259955 6.970366297476826 8.95023537938637 5.91680798505426 6.395413298117725 0.9250880315586685 6.848239225954373 5.681645307445905 4.787514291944746 5.417985394661038 10.855081921385786 6.811898719359075 5.041316601202494 7.591814836114056 6.607309527578909 10.592217780982917 1.6973607706898686
    C23 4.85347244616158 0.5702201108497105 2.846144237758873 6.116940552904104 4.930416131076641 4.137471993742031 8.790582248701316 7.56490107345432 5.263894627421971 5.408438698398226 2.8345901059353826 6.797515609312779 4.5569178506773005 9.563977286073191 2.3895528437416527 5.774996703398193 4.552424005482926 6.554873065371158 4.824934960134676 3.1272104645847705 5.391898638826991 5.582444515031653 2.4617789588885888 1.6994258009852552 7.249215802119238
    C24 6.518965719738819 2.3223802640395066 4.383206842734902 7.221026582766713 6.381537992218722 3.7368843011697845 10.541080886287453 8.826028885349823 6.418743884287786 6.791977393503112 3.741604343421937 8.315489985704247 6.078618375089545 11.31358160005296 3.9794748230758374 7.3405886029411445 6.18482858496877 8.130887670524098 5.081884982030913 4.714331846920123 7.048151085687394 6.508106765246014 4.205227700528738 0.2381551689079781 8.989700367764572
;

