set P := P0 P1 P2 P3 P4 P5 P6 P7 P8 P9 P10 P11 P12 P13 P14 P15 P16 P17 P18 P19 P20 P21 P22 P23 P24 ;
set C := C0 C1 C2 C3 C4 C5 C6 C7 C8 C9 C10 C11 C12 C13 C14 C15 C16 C17 C18 C19 C20 C21 C22 C23 C24 ;

param: f c :=
    P0 1482.6831574999962 47.636360896589764
    P1 2145.5665054428755 91.87122279068443
    P2 2630.451230911381 157.356925548635
    P3 2993.9930539578686 182.57862594627807
    P4 3216.3603264450335 206.49701803710684
    P5 2495.489628665654 144.08083298349595
    P6 3221.511426342245 234.87719505025518
    P7 3075.4675750988235 193.26250490775612
    P8 2953.7142105012513 200.5542384533087
    P9 2317.8118536230995 104.17878954404789
    P10 3125.0782393505515 200.27475851975095
    P11 3125.3307509419187 213.16267844418425
    P12 3272.2771539123864 237.86338499047844
    P13 2582.309386595125 137.3992657620098
    P14 2500.5584818997163 131.9029904407147
    P15 2480.376722619524 144.47953306815856
    P16 1870.5550007891397 72.3113617320633
    P17 2717.7290744341276 138.85092693972072
    P18 3244.697040851787 227.01521856380944
    P19 2965.132918923635 181.4350343944581
    P20 2909.546693885032 168.90240520011199
    P21 2904.1730952942976 192.23795492464632
    P22 2498.2395937108236 125.06549821277932
    P23 2136.568593780706 88.23464222004492
    P24 2950.2122615803087 203.2054765098201
;

param d :
 demand_0 demand_1 demand_2 demand_3 demand_4 demand_5 demand_6 demand_7 demand_8 demand_9 :=
    C0 9.428442294899767 6.036019692634262 29.685378541679764 25.91374235189081 8.575029816581896 20.332981502371844 18.351818408389594 10.237438681947598 11.080958947973178 14.621337145983045
    C1 23.776696111713225 13.487267566624467 29.43092455132035 21.50093244045113 13.561451908569731 14.297046962162927 26.86244686725234 8.377603013685775 13.018533145877615 24.179425540593506
    C2 21.657930871168915 21.968506669213927 18.454944377927582 6.203900620369106 5.864524344848865 11.492706648168085 33.83625190544587 26.744270898730193 25.137276784769245 17.2100493700719
    C3 22.81535195800795 22.05588885531905 8.457474432013347 22.690059848727046 23.101035721838795 10.427574409624487 7.916980099723748 18.65733732352967 33.8956882518511 22.40635374228191
    C4 27.753847013582366 31.497788394624376 32.342731252759336 11.265098280349221 24.54225853201293 15.017960415710366 16.041492942417108 31.593200172434077 10.642094441090187 16.16329747456703
    C5 8.23234616299785 6.675775510693342 12.822640738054249 22.482175564348335 20.354153238985685 19.987781408457842 24.373163474526727 25.847557311679008 25.690256010291527 34.50538374798829
    C6 13.206561682211584 26.518106918110874 12.177961257811079 5.214571211348814 17.17072461648063 26.598263097235197 34.1282059453053 13.194036618635094 29.310617819863985 28.019398665230618
    C7 13.278483494620177 8.956002704056338 24.342757392716837 26.054726335546544 10.544961120045219 26.599078251576152 27.25539458016559 5.676768430220347 34.875123646151025 9.428995582661214
    C8 26.188901947410955 6.916337071422203 21.730537345459727 22.44749647713757 6.249802646216463 18.736530017308027 16.184628995381182 21.89691956633143 6.323693142873246 25.179738272352342
    C9 18.60000452803733 7.036839605848066 6.574493045263563 16.04354690964862 29.139074483527903 16.722631737995066 13.399360422228357 6.8985153134392245 21.896359064145194 31.68287243571371
    C10 9.887032788950279 9.547097780314061 30.286795429279156 31.95736911051795 27.284402236286596 27.61575926063745 24.60877918207523 25.75404558031891 30.70994647637259 25.27132091125889
    C11 8.856070486337774 20.68341750578174 11.76559607953427 9.925375371541413 31.227029607947884 32.62456852756789 13.924097814510095 11.464267238637303 21.768331889542882 17.234773343875
    C12 33.68316680571948 33.2036836550803 6.271844962725611 11.38334992950913 11.004279053157406 19.405267214960574 6.049782611099264 16.92616805687977 26.088408042906437 33.841592467958776
    C13 8.717448276077988 12.050407921938465 11.570027118592204 21.08689949080719 22.10620926373508 22.90221123814787 8.602295510929103 16.322750679380768 28.758913181317048 7.593366787318562
    C14 31.03213094022975 27.63978697962692 11.979969505213056 32.45601988457436 27.41819112716834 28.850095269109577 9.25514249415524 6.114835030754676 26.467079709870344 12.596009198897857
    C15 21.577253671832718 34.169583027902476 9.578922380750107 27.32761680099186 29.987890949044335 25.010729400223276 18.70782947468588 17.974625713479043 27.27577895983186 9.12924475956054
    C16 16.06465983578999 15.144741478821347 31.11449416078771 13.442514449130009 25.226189989077096 33.13475524973536 32.96736923322722 18.971047493612225 13.595513261266378 32.74157226651952
    C17 14.45806194062628 17.379253657960838 20.01751623737641 21.687881583191583 31.599564610404855 7.330223757707396 34.49849191320465 10.250686773562531 7.65247999088073 24.36392422017943
    C18 26.615037405869895 27.52552078729343 14.688507628632767 20.326388714109314 29.535808780052648 8.217847693952699 32.43698191747053 5.398071909716878 16.01891460782084 18.523062338017667
    C19 21.5038135704693 19.773671046024532 27.678892307206375 9.795899652277456 15.82814964587534 5.008122143003657 8.609750625358451 31.922243396349334 29.621426047192926 21.176353811129918
    C20 23.866710163859935 21.35334142941619 25.10789008344906 11.047577505001007 6.631026636324097 5.935998101370796 24.10129355138403 24.69830082275202 21.337722278511833 25.410130060674877
    C21 24.38984952655827 20.74038030572673 5.5776719399348496 23.228555378976065 23.783529005157213 6.500841198228145 33.57274979691847 33.78286647115641 16.198023853883445 31.692227209230303
    C22 16.866130943148974 24.25456124314562 27.966100265750153 15.034572227844393 22.00539780189242 5.3363572687179825 28.78287576817742 31.29127478915965 32.05462680114931 15.303612837125257
    C23 14.798313963357073 16.879705047887548 19.766817917714967 14.81174250645819 31.531412864527585 13.22693964768039 31.408717020834175 26.29705234205021 26.785958085438025 32.54896049046029
    C24 30.082199669003078 9.649520266375879 25.0892622131278 12.810255451343753 12.569977317036551 5.000284381981167 32.96129527907926 26.56612511258673 21.22301045336478 34.48142274284277
;

param t : P0 P1 P2 P3 P4 P5 P6 P7 P8 P9 P10 P11 P12 P13 P14 P15 P16 P17 P18 P19 P20 P21 P22 P23 P24 :=
    C0 9.763654073586252 7.6865269192171946 4.709920761850689 5.474019440840722 11.361998974061274 4.3097966704926645 10.023283212776835 1.4093550419294116 7.148541821092139 8.549415609274613 9.025928905548398 6.940754291401845 2.6136525917082176 6.912101280250839 8.269659630876994 9.688808424267298 2.3593536049052637 10.218286047978824 10.036280795870827 9.078615661853641 12.162711935931076 8.417851597978288 3.1171692588888202 11.282185640881561 4.0845565156008155
    C1 4.990305763876003 7.463744998965032 1.6827537855731176 7.804930274912909 8.932048926473726 5.938176886909968 7.259033343036712 5.299934285979195 0.7710111844110421 5.661773942543756 7.744843950229971 0.9395554926795237 7.087463077341494 5.785148972925818 8.23068758059281 9.320958375579133 4.136064330415624 6.8079511760084435 7.330801370105569 7.306387334687714 8.14000969058091 2.64175307158359 3.309800064819685 7.372184082882697 7.088308234748065
    C2 1.9674511063403513 4.319079406978069 4.438303311179645 6.146215706937638 4.821365318554666 4.888694876157108 3.148544478349629 6.505133884140843 4.198596568346078 1.608952628403417 3.9816750877700455 3.309947854980177 7.13377802757808 2.7821816848769787 4.978134379061144 5.713256456750052 5.693854054226164 2.754669010518972 3.2222139900503914 3.4127586062321837 4.409049294778111 2.6006335761981445 5.78833047900989 3.549179779507192 6.205962160107134
    C3 8.91492667238184 6.062128408305149 4.778406796746831 3.711686864990092 9.907975777845255 2.7104024695308677 8.685268600894306 1.3270049130726997 7.186696424780219 7.3344840384182595 7.4836511047110985 6.76464956755002 0.9468200361369763 5.498086573047734 6.598532357310527 8.01034178453528 2.3925371603605576 9.002430306717942 8.686299154686687 7.611859833906256 10.99913556560782 7.99695824396622 3.593543305026905 10.126916255681508 2.322206834001829
    C4 4.342114057919444 2.140376118855677 7.261559638787048 5.153853347217192 2.156812031128121 5.057642762505658 1.406773572828718 7.889492582946247 7.637072279801373 1.9243805026351657 0.6952356052376257 6.729978842008232 7.466910647089719 2.3223537840305775 2.304112186071494 2.3790022150497667 7.53246281558523 2.3164693658777384 1.3397422398222922 0.14522638952826233 4.0570747461584125 6.071172893612729 8.131246911189736 3.4014603608291467 5.985063459753533
    C5 5.414067688290655 8.019371747689055 1.9528127213294488 8.291211594253395 9.46237739931888 6.410208412426316 7.789632399223445 5.552265139358628 0.7676984466294345 6.203996045918219 8.304201877628438 1.377395581896027 7.436361959787673 6.343132728050308 8.787073715742986 9.881417733743351 4.387587298041174 7.313202333528055 7.8629617310738045 7.861955281257415 8.58653901280513 2.9730965996974406 3.438479316591505 7.837008239551885 7.526224546642832
    C6 6.405067889071113 5.916296064887834 1.5949891220787729 5.147510823466477 8.788047110131469 3.2590497941895635 7.2510348779217315 2.1786717382223357 3.9657938135396433 5.630956035710069 6.82454696896191 3.57919188673893 3.898228587778227 4.559939186251582 6.657117905773503 7.997991031438109 1.098327789385221 7.2282714685178355 7.287118798599748 6.65283393434462 9.052154961627508 4.970585448995449 1.3498998632047803 8.179040659578794 4.145810951550972
    C7 3.7567009077867537 2.055399929985752 6.059244032756471 4.690406397753269 3.1899802546755995 4.200378817316407 1.8665710851898445 6.8412417704417114 6.511101793331657 1.1383997745603989 1.5062203834106416 5.601673956644935 6.648062287088506 1.33425556989816 2.5815397433437894 3.2142922986254794 6.406444195319879 2.3963980453405402 1.8614852470307883 1.0682071991997641 4.391944742447088 5.1007600333361305 6.953779464041876 3.5893581597241853 5.28384533754431
    C8 3.9058225754666087 7.993936211298875 3.6377834462351197 9.005434189677036 8.47502960481673 7.261246568917125 6.85337271853154 7.18658529413454 1.3293988187481083 5.481494286016476 7.86696499153074 1.453702574965248 8.78503801392959 6.314810161365235 8.717183134672613 9.580529720424739 6.039936657307431 6.171348809290894 6.94080778926205 7.304489331270433 7.067467872869972 1.3990767585142718 5.3105986600650015 6.425311061468903 8.524686853988717
    C9 6.695745305381914 4.790946327277633 3.0806846415749467 3.6118871098997474 8.172729185915506 1.7567151645059562 6.787240851570849 1.854783148191271 5.275616422356595 5.304358601535525 5.945133049039662 4.719519416729151 2.633045636242613 3.738444476459393 5.4795171674644125 6.876891432294943 1.6176684229831477 6.974621492663618 6.803443615291438 5.9156758525000654 8.930884477805982 5.810734687001512 2.6682812232173294 8.051301140669828 2.6028438415757424
    C10 8.236067773246864 2.47137507888492 8.161225098071847 2.0627460653917398 6.1689364150700925 3.679899668456293 5.881006012382224 6.642415587513577 9.700407811909106 5.643921354503191 3.819553291006917 8.86910008926823 5.019378601819088 3.852160446584704 2.189179689791543 3.061185246358406 6.990840444608693 6.729773070735177 5.817001506066905 4.4141153226913605 8.53260513927329 9.037254020112362 8.101944532820788 7.866617562196825 3.4522421783223685
    C11 8.862003516766213 5.149387439725456 5.594681692299945 2.4622647042866137 9.180338369357003 2.0888948891766494 8.122712670438561 2.575656231427147 7.8764884884313435 6.950976162817758 6.67303992509813 7.32582093238027 0.517111538457648 4.937421600129967 5.585615352292313 6.963779899582406 3.4391467865238785 8.574869523469129 8.109198366232503 6.906882512639737 10.593820542459495 8.334739021922834 4.692143323927704 9.744039332473154 1.130092312652279
    C12 5.693028481310796 7.093827812865905 0.47481663445358313 6.985844335845176 9.132777055846777 5.083388929190525 7.479357158881058 4.085945208358818 2.0053458560817004 5.824126076772336 7.6253742053580496 1.9306965043262023 5.963800660390751 5.489469620032943 7.865400840772932 9.07173286494999 2.920063314031271 7.180900985376026 7.5391608588616155 7.279829048680132 8.72330984143525 3.6189777397253087 2.0802747643223234 7.903442510969102 6.12839677221761
    C13 1.476333147969056 5.315428450081551 4.380904555725102 7.0627714979843335 5.4421834933390265 5.689054100204802 3.8018734086519057 6.946070635330724 3.59899717862515 2.460751013650325 4.90828290739546 2.7817848817891333 7.8186455323643935 3.7695012204540617 5.968182246026127 6.65604597038652 6.021066328263482 3.1882478743831832 3.8876326126411187 4.304132339023369 4.479845928386819 1.6916456468019274 5.907320588192727 3.6929276120414856 7.019894233139223
    C14 2.3052200156921296 5.761948804241763 3.553588356744424 7.132083985909117 6.329106679644562 5.577897788919644 4.670436240252009 6.410450265709709 2.6750264151608927 3.20877938863323 5.574012851919575 1.8432297398118846 7.518714947013611 4.115006806026802 6.465419617219581 7.289912902387821 5.40694861130138 4.111005718583067 4.751828862444298 5.016957759682022 5.403341293747474 1.1064023641363165 5.152081175429051 4.628043434612753 6.904509504414343
    C15 4.211028665459711 3.3402229618273744 8.104459039416104 6.37984663530778 0.9813152517294923 6.281248284382832 0.8840096309974741 9.04219429674908 8.155236488138556 2.392545826851668 1.764027967468989 7.268429480486461 8.701232879292903 3.484512793384088 3.367057575849178 2.9769806371590066 8.613429765466623 1.800764936582043 0.7897813172762997 1.370686725980902 3.0629394492624753 6.336925375327743 9.119770698746791 2.5819667261070203 7.227215772604429
    C16 9.658559348716166 3.862008792816019 9.634314969973094 3.235998687672765 7.077997626072724 5.054243480526338 7.073524222357666 7.826614144026244 11.229227897444638 7.045074563254009 4.983355021105929 10.401874386042572 5.958388153046689 5.357110142378896 3.3928566804423577 3.772843639487455 8.305388547016552 7.9820151397356955 6.999013985221584 5.635801352532813 9.66508976204452 10.559627275455766 9.465098888518028 9.068801345327863 4.551408352972842
    C17 5.358649277405667 0.7776937058717243 7.0840042974329105 3.8310671280145607 3.3602843498415416 4.040594377122166 2.7882130303191426 7.071756563467505 7.904351008684213 2.748075835671797 0.81818481376062 7.00097755308407 6.348410352826873 1.8299162163262461 0.9821668045903102 1.7614631923244426 6.899147895475723 3.636904832084638 2.7280541025293887 1.3206211492797502 5.4500910607984885 6.673480042366583 7.676298399471645 4.769123331418557 4.790500005700927
    C18 2.4462259934179857 3.3985705620983997 5.210473842347131 5.604248396383065 3.8656602818382106 4.642893542752804 2.209773919327737 6.748820659977659 5.25038831739983 0.5598231354963458 2.9028282354360706 4.350242795340395 7.0295982828468215 2.0709033237109455 4.000685159183367 4.645654919325204 6.087787687091133 2.087558706251811 2.2689573560145613 2.3244140299685228 4.009386668830832 3.6738541730091474 6.382799613913646 3.1299040379883802 5.89536844208596
    C19 3.1815093403749817 7.452626358563298 3.8097354205564145 8.660263383853462 7.764159002043375 6.985486606280585 6.1523837792012825 7.224631707039695 1.8052797902804472 4.821652543612181 7.2374175797184375 1.5341236098691207 8.67302879380639 5.795245474874504 8.158766630071362 8.966757156045396 6.107882482696297 5.453493868642704 6.241075400380762 6.656902704076835 6.349357421897287 0.6872715184142213 5.510855462679939 5.700562236898761 8.281194832892279
    C20 5.694248902898092 4.2845568352742465 2.7918255499596816 3.8146068796705035 7.345107146255401 1.929975907066468 5.894523188200545 2.7967035206891837 4.670547014272911 4.36094963487507 5.249301401834514 4.005250384428026 3.5260741703872522 2.989005594094304 5.024760476544351 6.368606305547367 2.2525203140649857 6.022719340359552 5.917785942898444 5.136295239513555 7.958388115530709 4.923958625540131 2.9715411601771704 7.077862016736348 3.1189379885123096
    C21 4.791052736916674 4.523146076119532 9.276018078241904 7.576551726121367 0.3924827910058092 7.569537054177609 1.8596570505760848 10.33750996896509 9.122853557204769 3.520639067118144 2.927963964454589 8.261789741609174 9.980022301189832 4.782338948093648 4.420710247498349 3.6890429928835933 9.891049254483812 2.3807871346942813 1.8041143887467992 2.6498067175691737 2.660841481374469 7.1520089997347425 10.360107436292418 2.571901061679036 8.484291744787475
    C22 1.634237564621105 4.173877622317263 5.710837732623566 6.539656062557934 3.6658599623934918 5.59104573041207 2.0227996018470105 7.58483947968955 5.338992659487506 0.9876369384098449 3.378053929559668 4.48141994300903 7.964435950716289 2.995302149767184 4.69720423838932 5.129869461200779 6.853065901763285 1.4873530841435612 2.1096515767805353 2.715519295367822 3.195102650650502 3.44620963072559 7.028666795011162 2.3195884968582225 6.848371395135368
    C23 4.997466113058026 1.518403451813775 7.3835306431249705 4.5714040366011774 2.6221451687626347 4.695305742101503 2.1426476455054053 7.660062903376417 7.98205381819316 2.466904740365457 0.07952928934235598 7.072726112349198 7.045062240252225 2.2012130480062115 1.5731744443351945 1.7590852517975117 7.409153786287195 3.054677573912064 2.0717928249181576 0.7169993993113308 4.776751045018635 6.5636189129548885 8.109335754057021 4.138617655076392 5.506811275052719
    C24 0.8661583811350202 6.6611998914507184 6.109356729071585 8.815802790944586 5.472371476627349 7.583068264853081 4.115019771092269 8.904598310540631 4.693769562411826 3.4845931263348584 5.836078644850479 4.110101270875101 9.774218005524201 5.342554752152958 7.197363357455794 7.565853260188935 7.949224934245347 3.184891136415502 4.213124364441894 5.156562697252114 3.4893712972282387 2.4315298842268733 7.72837003719124 2.9857169897381053 8.904223413858968
;

