set P := P0 P1 P2 P3 P4 P5 P6 P7 P8 P9 P10 P11 P12 P13 P14 P15 P16 P17 P18 P19 P20 P21 P22 P23 P24 ;
set C := C0 C1 C2 C3 C4 C5 C6 C7 C8 C9 C10 C11 C12 C13 C14 C15 C16 C17 C18 C19 C20 C21 C22 C23 C24 ;

param: f c :=
    P0 3867.379131799217 292.19847049188155
    P1 2331.824736351525 130.8913218592921
    P2 3212.3683006042493 225.28012584276993
    P3 2667.5402138590757 157.44923342556956
    P4 1095.8998340741648 23.096072678748385
    P5 1744.491660067652 59.961480807014105
    P6 2451.7631864666014 116.97379389643483
    P7 3247.790202130697 227.9070673828305
    P8 3251.876488246428 226.0557347809173
    P9 3452.7431385925374 234.00078471786256
    P10 3262.287490299975 232.53594999750914
    P11 3348.6030684096368 240.83123161762046
    P12 2261.929245437283 96.8676781797162
    P13 1566.1348317981438 48.583826624602004
    P14 1343.2969391583895 37.62569409335988
    P15 2407.73762921573 119.85876216977374
    P16 2187.0912991859745 90.4524318969229
    P17 3753.0782874722604 292.46796120919663
    P18 4030.030068006127 319.0218310200597
    P19 3787.1158524954203 301.7965820523907
    P20 3991.6911890499587 310.1629532923888
    P21 2986.8270526660363 199.4696197872593
    P22 3337.16186095621 244.4725521129063
    P23 1224.8479087122148 33.653561484875475
    P24 2159.9404012794903 96.09706484796553
;

param d :
 demand_0 demand_1 demand_2 demand_3 demand_4 demand_5 demand_6 demand_7 demand_8 demand_9 :=
    C0 28.614488260892294 23.748916279234564 18.06166352560973 10.279556656843532 31.536945869829232 15.889940368061163 7.707509831262169 29.40284145200127 25.624006150592955 8.520515564258748
    C1 30.21141466133318 18.596858159801418 14.559595404606894 30.575630525253498 12.142305657227631 26.4701368736638 29.681231772154852 27.133565618120507 29.803058280254994 26.557502715104302
    C2 21.075020703840277 27.903266447982745 29.906431416676444 33.91360671575531 8.668305003611193 29.64096098575847 12.06381364854192 18.597852594079846 28.98586003820538 18.054762059455957
    C3 13.620666771789288 10.41802552660478 6.932825885845903 19.575258966289553 29.200617368536516 5.632226313366944 11.311594737935824 5.820526800001138 10.959911588817597 32.599671467010275
    C4 6.4259408333868375 5.558099663520738 11.106741244934568 5.59726224586232 14.878577328995055 34.00415478018584 31.70740183298898 6.562964687058207 17.434892736583848 18.611235952509368
    C5 34.88683080081359 26.099949370970748 17.373151391804534 30.78752008747432 22.52978661743619 23.174441986115895 32.47672403727006 24.247775342406246 10.456677614188383 25.20830128211134
    C6 17.0608205656565 30.881294202776015 29.711321134949756 7.517886231967381 16.698520065659643 30.24418899553635 23.940581079688148 23.90469024555496 31.29170038789213 8.555370470393584
    C7 11.776579311021926 22.305298857212875 24.381279608737895 23.047992206658236 27.45122687756098 24.86670303321063 31.384017425532882 28.730579534418613 33.3427146452693 26.40691135894031
    C8 27.28664076878303 11.388584150554138 12.69339904640352 31.01515339245983 12.078142375238258 33.22544829279311 28.00222701827351 9.082766697498215 31.53024291330365 10.716324958067904
    C9 7.758735057199038 33.863512238243516 23.036968090265205 32.01724654922377 17.686069954486577 25.7204736584702 17.18866447865607 17.01985549928441 11.734614004358939 30.858101728576216
    C10 30.325606520070117 27.26624032961644 17.17597817744689 17.21020554679034 9.328337261113676 28.664081321268956 6.0164504365704605 23.848888197291092 33.44327651477681 28.46365830291871
    C11 7.842008454769398 19.01885940162896 8.406757298848536 15.903027356789721 10.254627663070401 12.190274876277794 30.99333764912811 14.41165407951385 32.693370556502785 13.63885918552645
    C12 15.105141834921747 33.11488776756667 10.75748034440819 24.722918097463104 34.09770427820399 21.5818370993488 29.695933411893996 7.466961542702062 24.413200679124106 19.82504473225925
    C13 7.0180932953420925 20.9815800507963 12.367598294551243 7.709188773534082 18.18426238187601 14.278055050734219 33.21486260556247 9.734673183322748 23.798820725539453 8.905979938352537
    C14 29.035570144146007 23.432668936127715 29.816864723833028 33.294864261107996 12.62917761420457 33.75450835390764 19.132738501640105 20.49097673153071 32.20534341535938 30.69013182966544
    C15 19.258051014044707 28.073574954309127 18.924791027318467 26.72703359486541 22.684428331835285 15.885652952601854 17.38883955623892 34.089937605174036 34.22382715249618 23.002483594916743
    C16 11.292174759652422 18.011734545522017 21.79475031598503 9.21680455715384 19.71075740459635 29.36750896690376 30.234903991085783 29.918641444112485 10.947986080151011 34.856223499198755
    C17 28.869552480428275 21.98349328188935 18.083987330351576 8.35797091669739 16.24114953717985 8.66161306237668 26.521580537192374 27.894881098738228 26.037834626100405 13.48901735098095
    C18 24.546104406656088 23.802754147324336 24.40766153610996 27.0344122127254 33.46132668397456 31.00858805396748 31.302836817178022 30.408812894079713 10.062678690951234 25.315659535533896
    C19 14.055410438322914 20.668087572004204 6.110112041679882 32.98806342198907 14.494698393138878 30.72941417449775 29.607239313512046 25.572601350467547 17.031047333330818 17.549929733657063
    C20 29.123801358023808 15.928240074773136 9.780754656950823 20.658726766157997 17.713439496201453 16.654130445688835 29.732025972085445 28.77926884727587 17.867101043550534 17.255723057492865
    C21 17.987314536450064 9.43231066473736 9.092918864445803 29.869447480235934 25.482153426039222 32.29367299990683 25.954465626397 14.58197387713713 12.804733399134395 9.378285563462924
    C22 21.198427374665354 9.514179620094637 12.751905424074046 33.49023501018789 33.89946019896874 16.789267046937507 20.19003541760904 19.350964398720674 7.671838020838692 13.70578884544853
    C23 11.002309563975238 25.559199101968872 29.10614548871785 32.94666875718388 31.383006226481477 34.339785632027684 15.555690397516756 27.05516326431404 16.03760462331538 12.853983916823331
    C24 17.069028672113593 14.008270243731587 24.760121379205458 12.554241753321385 33.10916874071468 12.666010700364742 23.063478260315563 12.82039638760962 33.417305253574895 23.530407201717054
;

param t : P0 P1 P2 P3 P4 P5 P6 P7 P8 P9 P10 P11 P12 P13 P14 P15 P16 P17 P18 P19 P20 P21 P22 P23 P24 :=
    C0 5.915653328050282 8.870753668064092 3.2577476970849655 9.129321213896652 6.686636069157531 9.666512851157979 2.8952188579317095 3.6033192208431797 5.950850855555974 6.392432815657623 7.7660804671409265 5.8807058115141615 3.126536614766246 4.447807805989769 4.93046592865738 3.032770484286449 4.583909474468143 4.322523660226909 4.984579771964315 1.8324250519892211 2.067126804155767 6.4268844090918495 5.603877740033907 4.013427813797909 7.247406293238427
    C1 10.379312399502572 9.589508077929706 2.2225675431201397 7.85972499380526 7.328986039323592 8.4163654485347 2.457158444895378 3.9117551377840867 6.5838527013630666 6.133566288823972 9.891144032462426 2.5435661308272426 2.402872048933262 4.667106482432935 9.212844884570453 8.29813046777679 8.01255762631577 9.43839174239876 5.9546515426607005 7.102934503602397 6.413762356794026 8.18266114308467 6.11052952099452 4.651336021749443 8.88305588053301
    C2 9.047122357170366 4.132379811420506 6.971948996012408 1.6049924158542583 2.8784184464189 2.1720365851986663 6.417346455517048 4.237411706094195 2.835427382490842 1.8188058792321842 5.734530151752434 3.7320495813800623 7.1136656302719885 3.371665764106815 8.027204682260834 9.292543767322252 6.34165591120012 9.65450441620873 3.389324701854975 9.390886926565335 6.966823391915789 4.431235788914205 2.785925834899353 3.817167024604182 4.609133365271426
    C3 2.3430977567304034 8.589219069212973 7.417745924266164 10.322952353619318 7.194155122116638 10.733765498754837 6.923259426397612 6.274384775370963 6.804546996003186 7.715594015407962 6.500597787014852 9.098977093777114 7.309407306202948 6.506811646915738 2.1493211822729203 1.358399379425219 3.4410779086534897 0.14541046275091035 6.119824681615124 3.2659165901409413 3.006054854059852 6.052911078011154 6.7380458768201414 6.110722896821917 6.645953164376795
    C4 5.4822781338052895 8.872794633455538 3.797416957358651 9.328403729516669 6.755848858034642 9.854138028084103 3.4245644485026556 3.917527008884441 6.0507610476929505 6.5699172905960666 7.62593775316034 6.322896724872252 3.665965415516075 4.686589746523044 4.543139015198072 2.49688686106849 4.355749199070528 3.8026926614282504 5.096066989323519 1.3945509377612337 1.8327652170910194 6.370858236099998 5.734985330459717 4.242723109060914 7.1810976630391545
    C5 6.267093872301578 9.21641550148885 3.090987013342672 9.387454965934463 7.010969828072512 9.93048017147739 2.807120772131811 3.8048563800873247 6.264154788223625 6.667587399937794 8.145873820421896 5.942727667388988 2.945141707294952 4.695132165649114 5.298967667940482 3.272392177833611 4.971921236155236 4.59931724029947 5.295661806077821 1.8639699231093187 2.454561382766135 6.7911297195577305 5.90424832276383 4.269168153008786 7.613346583553397
    C6 9.0443585159952 3.5702443955876335 7.6349036805295505 0.9091831085860638 2.725269992258718 1.4828094794066728 7.057922004092387 4.7706170624225255 2.8923235006232524 1.9997973558395974 5.398904761973747 4.468331276224275 7.77068545629287 3.831535581236185 8.07978532342341 9.569032940852132 6.406864239803801 9.831131389463602 3.612846025137253 9.798297094545319 7.287477811645434 4.264585257749746 2.9646237613894 4.264728921217064 4.311940160733015
    C7 2.6876211874122227 4.542136347823729 8.857077470294309 7.238046475142137 4.217507017567811 7.472078884603467 8.156593783203439 6.06621218763113 4.365753681864117 5.397033640621021 2.1090867200234005 8.549106684020217 8.845563771070681 5.522577431679684 2.442518342933201 5.428691683444321 2.1690521724976746 4.688580964874652 4.3682777348869335 6.938726182625241 4.660282293112464 2.662617316455107 4.635317125251178 5.391398993322541 2.76073997150646
    C8 7.702636143155025 3.498718204374252 6.449358031615814 2.34861147600889 1.6729335986024547 2.8842949822906547 5.816753867060177 3.367018061889042 1.4933994342012689 0.47782348147630926 4.628380802985258 3.8235018859021426 6.565500560588351 2.3642519998148526 6.680889453223431 8.035356615725018 4.9955360539180935 8.338179323042162 2.0857353144739803 8.268009155714008 5.746798206768036 3.179194777888497 1.4549874631070547 2.778001863360675 3.4835463474938475
    C9 5.976753870487307 7.291961880828561 2.887071536587602 7.273765860490941 5.00762245432338 7.817848828808247 2.218077007622706 1.7382399848055319 4.230552122239043 4.562794764500246 6.567373622051972 4.269461169585353 2.8608613611007696 2.5814342835117237 4.827922930888696 4.111893241993879 3.8575012087838467 5.0892762261379465 3.2654581505853746 3.567769761524697 1.9923448637837802 5.033942985839007 3.8397605126068672 2.156320707421792 5.857071582894381
    C10 6.72583157538713 1.184643812048492 8.318470389963181 2.9936198976771067 1.1773278917641463 3.1829534708605998 7.623259130987108 5.023085534911132 1.9857985268061467 2.323498247430413 2.540302499704153 6.205696422399669 8.399819041903761 3.9914668887349647 5.959756437951603 8.141539974147841 4.449237715907092 8.028801781256337 2.909041855921502 8.904898322960749 6.198033014290134 1.8523144645607874 2.4487836704143024 4.241397970385133 1.5383165944179584
    C11 5.4096528206634105 1.9548763229049146 9.516907939506705 5.146629121247739 2.88829494333236 5.2331550836340215 8.795415204453628 6.2838935619041 3.507722982615642 4.267592771025473 0.6235381869961819 8.068148164872513 9.55999697924357 5.388526128439426 4.981904895124227 7.7228177512969065 3.9399080982260566 7.233895705710372 4.1093492635410165 8.917887416617493 6.29858425395259 1.9273157269960923 3.961807817791192 5.481407007751427 1.1637760574777822
    C12 9.576152635504586 6.346402061095252 4.952441378201071 4.067525009670138 4.447377583938482 4.609604328336579 4.547687481567074 3.2193950562224893 3.9430132037738446 3.0666868098173827 7.382609975180863 1.2999252852084806 5.121555349897541 2.9609368365535116 8.430818025717837 8.850977842864165 6.827931567844425 9.556187797926613 3.8583531448734423 8.4406006615155 6.504055672311818 5.778319326811518 3.5894132770202454 3.317827878920671 6.248057996483461
    C13 2.3992041694621298 8.179602894253978 6.926373272221409 9.808531120285764 6.699975420819525 10.229302668583554 6.411457745971378 5.7040110264354915 6.283240706589104 7.1781496303706325 6.17593543026017 8.530784930583275 6.8246858053753385 5.938719121014443 1.9149436788450016 1.1779055331606236 2.995251006805733 0.710703023059302 5.576127150618934 3.029521422319379 2.4451811735065663 5.614753016497018 6.20110770184554 5.540844837650086 6.242876798241818
    C14 6.99024121742899 6.026585593880397 3.4823996030267517 5.336182666495009 3.6732714729149474 5.89897806383613 2.802609892393808 0.35989579582084796 2.872587691614044 2.7987086241889756 6.020637167394396 2.5909799197931225 3.5736773755797557 0.8535889825117571 5.8133079038215305 5.970189705060745 4.3619062645700355 6.7120704589685385 2.103141596947834 5.658063168352088 3.628050155236413 4.317491467995513 2.3979599032250496 0.7705633495185632 5.050798980595457
    C15 7.762020301335565 9.509499230459568 1.3925322706045054 9.046419990421036 7.177972909994813 9.61390306630977 1.348239040532374 3.4411859042371966 6.37659333054306 6.507390532749699 8.875322055433566 4.789275565095207 1.2276804221851356 4.483962793869783 6.70381626207212 4.997895162082079 6.033302907981727 6.290714536265433 5.441171178628879 3.5508649698187247 3.718805437049281 7.333125117039245 5.942347113432868 4.144789368114774 8.153277466421132
    C16 4.804361788458267 2.3529625291749996 8.650794420779377 5.120842316113033 2.391073395538032 5.30671895501933 7.9283462124387665 5.456608750547267 2.860718418111154 3.7493388623962765 0.6155598240030701 7.414628129157536 8.687248860299894 4.612098482263336 4.236885578497011 6.865692136043898 3.0592230677802377 6.457943616113414 3.324441353891153 8.008713796184054 5.376034114320437 1.0962207120532526 3.2776601241332894 4.6633345293495605 0.6111918301501498
    C17 6.737463216657855 2.7623502669762368 6.781364652032263 2.892302460197007 0.5827901017554986 3.325446674922677 6.099073603180093 3.5122524694499258 0.6583601689289592 0.8021107424933742 3.543352248202132 4.662038442695917 6.872162529750262 2.462331464750727 5.770698690293231 7.423939615810329 4.102704648686689 7.5756317546378344 1.5950356542331887 7.890177128443123 5.247871414824491 2.0821228332721415 0.9826001183007099 2.7671576615691817 2.399136793259101
    C18 6.801288560398669 8.546274268230725 2.0136627538984992 8.322671075241198 6.240797408138304 8.88067180748744 1.547456635737574 2.6662506604684078 5.450929849136994 5.685506697780306 7.824535343598306 4.588058833351938 1.9197471046059156 3.659174898081404 5.712063073005632 4.306986251216806 4.974683472361712 5.508975213054708 4.4958348332011715 3.187122968151861 2.726068094443732 6.305167260503001 5.0379755943881 3.2760526776822108 7.1286685470532944
    C19 2.861233689556188 6.100500841047901 6.059527725008971 7.562052915357601 4.465406661768233 7.985005263590813 5.407467972508321 3.92750257024926 4.03767160881842 4.949016061083559 4.405103829508757 6.7536037998913905 6.014689886339858 3.9050963504741154 1.6821002949943868 2.885274532230009 1.0245872709265502 2.914795954506057 3.3636137860232407 3.983124211180895 1.5683678705228619 3.4975366087434763 3.971625517246426 3.5612701090536945 4.211578977479642
    C20 8.634446995638482 3.8845503824590732 6.804514419293248 1.7419676270148454 2.486988541960637 2.3151007857320853 6.224738244023711 3.955884069954708 2.4227972409922307 1.408329751185232 5.374290895963299 3.727044309422677 6.939131271744781 3.0466261537092993 7.615375065665785 8.911247558462126 5.929984168875255 9.254330579067965 2.9902966029019264 9.050478452030825 6.595524032826657 4.0352354824194006 2.378993210637857 3.487531594268855 4.2414720954305425
    C21 3.1823741440799673 4.241995887059703 7.397789386877123 6.333611918674676 3.1632186138583576 6.658366467532528 6.688945150104595 4.547237763870377 3.097509633523012 4.14147001151358 2.3493460830463464 7.0588563630431755 7.3966362509678785 4.02386492312936 2.3471663021192506 4.833184883455837 1.0378435126213894 4.480086575927026 2.9242420533553455 6.037996524273394 3.4972993507532992 1.7627091529514551 3.2821050482750924 3.8761974679098055 2.298725652157647
    C22 4.228702947394288 5.477518995073191 5.136724347473535 6.3887668792936205 3.4743569655143807 6.855268280720168 4.434501673703945 2.561492279560893 2.8837776173688505 3.674314600686862 4.349529416068371 5.347855105404839 5.129934144781014 2.465502168367263 3.0538929968271153 3.900969069431132 1.6695851483988804 4.2504751832492325 2.0598042755875614 4.438664580583402 1.7370330361658084 2.9721880129469245 2.7098632362712127 2.126564214372607 3.7897086824628183
    C23 1.604145491924637 6.8813040000850645 7.169480113008823 8.740266281766027 5.575882642691282 9.124899177630805 6.563699905514735 5.306499709221605 5.262878906509324 6.229958040204372 4.811720113168511 8.142471661929067 7.100568825197028 5.302143315682467 0.6202331363017697 2.4463493940995718 1.7804131764042923 1.8411112078194285 4.687000415429226 4.092247783321663 2.475308754832554 4.362196052511487 5.260478228701706 4.960801198992941 4.937371357553246
    C24 5.922403737116365 4.846331460267541 4.719009820921028 4.868579701414605 2.509917778065811 5.386853600587035 4.004906750500587 1.449015963750791 1.7131195513834516 2.1023577323601677 4.618060073582284 3.7711630432097607 4.78015280402782 0.7349228310878474 4.776505538013519 5.586971234563542 3.185430086905223 6.057769134872442 0.7785506155709803 5.740877709913345 3.251060070016293 2.9226917456133124 1.3084640615891976 0.6505782917424485 3.681051867277913
;

