set P := P0 P1 P2 P3 P4 P5 P6 P7 P8 P9 P10 P11 P12 P13 P14 P15 P16 P17 P18 P19 P20 P21 P22 P23 P24 ;
set C := C0 C1 C2 C3 C4 C5 C6 C7 C8 C9 C10 C11 C12 C13 C14 C15 C16 C17 C18 C19 C20 C21 C22 C23 C24 ;

param: f c :=
    P0 1208.1192951438131 27.904064721142934
    P1 3818.382410095111 309.473957772647
    P2 2446.2324822815463 131.50526938010006
    P3 3378.9882471192163 230.42052903624585
    P4 3065.5838073452933 218.82419611872822
    P5 1400.6865426184584 42.13108869677759
    P6 3576.541748330822 271.2311583621628
    P7 3810.6656822223717 281.14309316465227
    P8 1215.0435688134946 29.055719107881178
    P9 2518.7158333705556 129.57326548087036
    P10 1447.027532520774 43.697987746549686
    P11 1417.4581075719009 43.119588969225504
    P12 2993.0300178830325 190.75494639069134
    P13 3497.975837382288 264.11337766757947
    P14 1713.3006838700421 64.91516746301434
    P15 1904.365441975835 74.72735346056086
    P16 3523.2144666039394 243.0673815461525
    P17 3476.776625124814 244.4321372973547
    P18 3217.4989271283494 229.56917766205763
    P19 2377.896607590627 109.85230878781786
    P20 2682.6779184121306 143.4567449746074
    P21 2444.442047553747 121.20109716945953
    P22 3439.6183634206036 254.41907237063455
    P23 3347.4076873843796 228.57410731883962
    P24 2320.415455152023 106.03072116807101
;

param d :
 demand_0 demand_1 demand_2 demand_3 demand_4 demand_5 demand_6 demand_7 demand_8 demand_9 :=
    C0 31.84739083782107 17.02546878320389 12.470242229745445 8.193281975970162 24.426928151110765 23.82153129569527 32.36500886626081 25.382999351302804 13.354284274131317 26.09279939992358
    C1 18.45446660292103 13.144825668690634 29.702308001363065 27.373093669440312 5.631419117039491 5.404907120555733 5.720026096703515 9.506601071309495 7.713410554018632 12.055792069817208
    C2 26.519776236436275 10.521990210622668 21.037847723704168 16.459429326427646 9.887559462767774 33.9908228835604 17.814062994431644 25.018201549461644 34.84315048028583 5.08598317279212
    C3 32.325475387899374 9.800091662682139 5.041998844291006 24.614741561713476 10.33202807996404 33.72853073291347 9.421295304591187 14.046913003494947 10.456170089737043 34.81715936599562
    C4 7.031254876290399 11.534231660987306 15.423856966052101 31.10077365329034 16.825920050002665 8.19016833805371 24.660937924723225 29.526876349822928 16.550521929400134 5.514639548003323
    C5 17.570124832636733 25.901652427508232 23.154786073912373 24.029166237490255 23.234662306572798 27.083945308235737 11.776531768223101 15.451570497915633 14.579473397330897 21.75123404128693
    C6 32.93996981213485 31.37465050711348 16.073304859823406 21.52633410829879 7.083623590362597 15.151697513324066 31.36970311800036 8.11767688492535 17.714962098290442 33.7284731418474
    C7 20.11608283017989 28.719406317054258 7.497384685224553 29.505410889279442 7.1614606886494965 26.223672647393908 16.542314220987173 32.48703066242876 25.802625039111568 32.627123022859465
    C8 5.656246952772539 18.663229607898984 26.163851518329913 11.61917112564959 12.357615036150252 11.069649265534451 31.526717405360458 24.851951458106747 17.418330371769464 6.787321696734857
    C9 22.974609868410667 26.232620638738386 21.47825217188258 13.06380507437556 32.273931647491175 19.412762916014735 29.683546103897985 32.98645502300582 28.80504771395121 15.480426034523218
    C10 25.901186831478835 20.752196071781505 26.662387728753295 22.449913985237625 34.111563951336805 21.88553703406236 8.372260144014785 29.321582445573355 15.003954352040871 30.462544973789704
    C11 8.868027096164901 14.102305140899512 17.250286467001384 29.231988830466864 8.00701395965522 18.329785946487988 10.086771843754063 26.339200466577008 29.06422785163602 31.003175253863677
    C12 6.363356774107274 11.61008983024143 23.344461015215963 27.586930929600463 20.80335649936451 9.89433325247131 8.304069613931132 7.291084778798249 24.618626666427755 29.570313574228273
    C13 21.985243050931405 26.24764113169491 14.739054214640246 9.669244314593652 26.802938748250348 14.95268959080615 8.052087639972527 5.065362944091997 12.377243649181398 13.84091864385941
    C14 28.831711405323592 21.564527627625328 6.717902934392236 11.95169427912203 29.239781799567158 9.635399709003162 33.67547205429098 32.992848450999574 17.559788945914637 9.32420726908423
    C15 25.81410002489185 10.133272906526056 29.477664681615273 26.78858371836772 23.09880549454613 6.676265197290427 15.719237121110396 9.459288443129665 19.913068832177053 30.599366177208807
    C16 27.221455905109682 6.368373975209696 29.717953582588542 16.05920020081122 16.336253892777236 25.76123593765273 23.470903039066073 24.675623658282106 21.01311940534444 34.15458804324457
    C17 16.924814841529553 12.146503245497486 11.578387781339138 32.0650443015263 5.621477464594433 23.82457559040477 8.55052911352221 14.60768010045145 20.974232972311796 32.38861726695529
    C18 25.540828376815433 6.1727202623222786 33.956823933055205 7.810731864562893 29.796867448140397 8.692265455694772 32.69958822236259 16.71798723489688 29.64212594109353 12.274922254101343
    C19 31.1076715991246 9.44418429032996 10.302057174441337 10.445406316084437 27.903372682001546 29.74774704378676 32.59620809960461 26.640303909074678 16.538817603204635 29.83465423239481
    C20 34.14615252799962 31.508074166869335 34.14814114920165 10.550840679317261 24.334463388028233 8.084459352040758 31.867594728621874 28.56638282008601 22.428918119129772 6.675969976260221
    C21 9.96554660150668 32.8174387215759 21.12166084140187 30.870565140868102 6.312201276163542 13.9021547367944 23.135191459455257 19.352960396107232 17.655222831728892 9.134039383508815
    C22 27.521833742248646 13.113045664142707 34.36287161737276 10.665797644032086 12.450288333770102 20.34627248789151 10.342033303222447 7.019409041068857 22.336293185485726 33.861559561442
    C23 16.524512595496756 28.71863954920768 28.345579789359174 19.71555149779209 7.507866382820117 30.0945015434812 20.91441921923549 22.33528638499673 25.804968583127575 26.118885683210916
    C24 28.381165204252355 24.272393728797955 28.415395598842473 26.88439976731091 9.279068173154826 9.255050793560684 22.98834454596761 33.787559433290596 27.448504988700297 16.323823496643048
;

param t : P0 P1 P2 P3 P4 P5 P6 P7 P8 P9 P10 P11 P12 P13 P14 P15 P16 P17 P18 P19 P20 P21 P22 P23 P24 :=
    C0 6.6483631361003965 1.9598147410662634 2.0770542539237615 8.86067462960088 2.7491619421031195 3.949553144858978 6.7915465632924175 3.648607818635252 1.1373690168676327 1.6029618619492692 4.237318051030549 6.248735649125884 2.5573749251944387 1.2398261427347919 1.4801625863827708 6.7609641432687875 0.5307425391404131 9.15884114571803 4.567793605846136 5.7956810308359366 0.5471225368295723 5.233679073389503 5.2903959618888585 6.640785004435193 7.330859573898948
    C1 9.808326893544834 3.711918684413142 5.20905051958645 10.428576159367234 1.5979297337159573 6.724237299743332 9.935234561809885 2.388422931492545 2.354002752382213 1.9856493586254396 6.330116369071758 8.260188284068569 0.9859478587834346 3.154115126719877 4.485459271793927 6.547354786217063 3.1125339008376747 10.738328396578236 6.657090540267271 3.834371461357775 2.9155859695708224 8.395264862770663 7.533005599554402 5.488932591839658 5.646753744734924
    C2 7.9418026247001885 7.523308903840677 5.26806831606319 3.748667308453426 7.546874094999463 3.957988514091108 7.663274186109964 4.662099996710558 5.091573317052946 5.099778105446269 2.1780052275790105 2.406434191400778 5.744266229099889 6.807401801324545 6.355778079856087 2.8097621908840327 6.101523615747164 4.056765975118928 2.1162285841593174 5.554474944848751 6.072366222165563 7.348296810971457 2.607630236126571 4.417616939529079 5.66703440479648
    C3 5.065385133770342 3.511680396095424 0.7872079817153321 7.290638074928539 4.740880849792888 1.9611620647199588 5.100231088590666 4.58488811088546 2.587524751892836 3.015798282110875 2.6529816105130166 4.541828003794222 4.122610049510099 3.0190802819033733 1.9678873441218068 6.4508548700473245 2.4010561840986417 7.572985350948525 2.94218844931104 6.66126161370088 2.506002706546659 3.832930015409982 3.5016206333351088 6.9307063297137415 7.8767534114524125
    C4 7.427309443790913 8.656617265119422 5.929849122928745 2.0829122903528954 9.070052812335843 4.013312059709185 7.040660171305509 6.488534714243157 6.5438397826709425 6.645584825623152 2.6301927057511243 1.1690214692445682 7.4223187550283125 8.014294687027036 7.246334483016666 4.338371388059557 7.308905944123398 2.386978119279968 2.3449325591652395 7.427485278305954 7.322021937216196 7.192752462260119 2.104584638900267 6.167319641650407 7.418700532982198
    C5 4.819149823511733 2.5416991322023366 0.7122703844034162 8.602368918160808 4.382834450926088 2.955634104738933 5.006759657826859 5.314444225775712 2.913133319427015 3.3945191301618665 4.014387366256278 5.817929571745002 4.415410146543231 2.3239226916127684 0.818927022648428 7.730442289708312 1.9710571599237248 8.87663704401791 4.285331140166793 7.46347043103548 2.1529805367691623 3.3751111600994133 4.746968182996668 8.013210389248798 8.85543820688377
    C6 7.533984997333548 1.9855569548129215 2.9704464651071687 9.369160075830283 1.927573399924421 4.762446507189252 7.683677221491853 3.1695123924999513 0.8561075370268096 1.125682982010434 4.8393557618247405 6.859551029721064 1.8062273485390998 1.2140558790301823 2.216525729548298 6.72169748354705 0.8565802891080293 9.673031741628456 5.175975671014454 5.255068541890059 0.6607064520260204 6.10690812187176 5.958373878735039 6.335702355716812 6.8959149518862715
    C7 12.55293980172543 8.495023042107979 8.354893841779397 8.94593647158694 6.808776440947275 8.523780968602923 12.45104594270638 3.3925154196678937 5.899426910441592 5.469988535823105 7.07206258851082 8.128763817416685 4.919098561730404 7.756455355026695 8.482173536669787 3.4327578540913564 7.333367970437195 9.214210502342691 7.246589998761708 1.3889275421726153 7.16422718922294 11.476369244870883 8.053292930768194 1.4140917661276986 0.4674234631120661
    C8 8.049117701979338 2.09442697622188 3.5034196826038078 9.773793755117815 1.4219750440372547 5.291744116191227 8.208563627195677 3.0721140403231733 1.1542657192994608 1.2145084917351325 5.29965060410153 7.315235775544843 1.520493316922185 1.4051969403417972 2.6628453516985977 6.852951060162791 1.2916744457238334 10.079659314025317 5.636875193478572 5.070042899746267 1.0965908401640152 6.610207655332811 6.439052584316295 6.305761154734281 6.7732085723126625
    C9 6.824539056018172 1.5121106773670099 2.3479491860294512 9.333114362485398 2.4224779870406628 4.347050929882432 7.001987329934848 3.8606308689747597 1.3729115057936934 1.78309239029839 4.704614008745649 6.7126449733242035 2.5908577565831763 0.7693641129174678 1.4306972161450595 7.156637391936539 0.08179561633633536 9.630950928074807 5.033864919907671 5.982114038271416 0.1475124426545505 5.374694738586129 5.744736159023774 6.943958986104621 7.57637753137964
    C10 10.085561602942928 7.590755815444049 6.4035518203510255 6.0841442742564205 6.722091523059844 5.972337847761393 9.905026159036133 3.0417950554965363 4.804211535946049 4.552410382619451 4.331475237647007 5.164262410669958 4.647662139876063 6.807297329675727 6.990528926927162 1.1242377556078278 6.195288400712064 6.368356711548331 4.4464196194202525 3.006484999861565 6.082700050839981 9.200542884061967 5.182443745629417 1.664293895458008 2.905994154082496
    C11 4.759269509733665 7.213114210887061 4.109892236920908 4.140346038980625 8.302445929417356 1.855337651287007 4.3869377564121415 6.825784601151352 5.856612819431284 6.140165704430428 1.9224317385239995 1.5070071891964592 7.1584571004225594 6.733798207073088 5.569881943767822 6.259857168037428 6.093476462893824 4.363159190559594 1.676533934458437 8.386525802812262 6.17534531376207 4.586434681490629 0.8607297737927544 7.696435790349325 8.910343445234286
    C12 10.935510685217643 9.528756113953724 7.896137182505526 4.975878929743588 8.831429048178702 6.912891561812517 10.657208990235711 5.173111310289398 6.7815874968550975 6.584601070518618 5.130632793331341 5.1230530006420425 6.766754341050582 8.752585611886435 8.722096352832882 1.022211752701485 8.101033521913937 5.206521580196219 5.104347281606688 4.797473497831042 8.011008476925486 10.29417549986598 5.568764066752352 2.8654091921233373 3.933865978227975
    C13 6.164466006684625 7.776466257215181 4.8723362271334185 3.026918676314771 8.479705580544351 2.810791550887573 5.7925747358087385 6.379741213799283 5.949955016483813 6.135521360263921 1.7713750859652895 0.2496369719666491 7.038661665692029 7.192949958649923 6.260174894502954 5.076587565034654 6.5043205305558915 3.2949402998131054 1.4356693756394838 7.6567218676960085 6.545966487909495 5.918665525814354 0.8711150591207812 6.695501363057113 7.939136459645213
    C14 0.8477696058403373 7.109225324864994 4.409509024592893 7.786900076517464 9.11477529110185 3.5248229800312085 0.4317519994515492 9.24276461828163 7.305286050147453 7.7507161657106955 5.17980946381202 5.456595443796032 8.853743547267761 7.042233322899505 5.483250710351103 9.938090947588089 6.688252339352346 7.940447776295221 5.141692672461559 11.210014421725042 6.859536808055225 1.7703894960547681 4.698459753523152 11.041008511472082 12.154828337960087
    C15 12.953252030688525 9.562058935062813 9.026767688147547 8.32377282745287 8.057882823358542 8.849872074306603 12.792135765021227 4.437368767706382 6.854186769508632 6.467190212933777 7.237604210501207 7.954601480890988 6.077957158532684 8.799075821913734 9.350448404166528 2.8566148888869054 8.308530882429144 8.566804596801985 7.35259720250922 2.7187564660306625 8.154599744085855 11.999060929352808 8.070102450738965 1.3625948153267253 0.9541927033759062
    C16 6.890132595598976 3.955535149589535 2.584364593955944 7.060091444095447 4.104095231589766 3.1835056461961537 6.869421682114075 2.7570849223407072 1.569189645726109 1.7483973325339237 2.6548477863868607 4.640475936584581 2.7400396829505413 3.2158095403900813 3.0740677783121306 4.873488361833448 2.518180183603047 7.365565862601368 2.9884199507869313 4.782162494491943 2.4736845267151266 5.715956828018526 3.845484346139366 5.092651078292078 5.996063641612447
    C17 0.44531672971669567 6.948836841554829 4.381538109609569 8.190622830030918 9.022727123173862 3.722203282801523 0.3776572508861603 9.328014418251318 7.309565737073717 7.7647463276408635 5.427594036669331 5.814952488266766 8.861210373567726 6.927619523017507 5.364134198474579 10.190823080969409 6.612334727905384 8.349080532055558 5.411483779423426 11.329696332151984 6.7895955101320284 1.4843061637915833 5.018228243550591 11.233854247255993 12.327817632901999
    C18 4.471396468839735 5.64143463813383 2.560803939813062 5.417492016728635 6.793379197833356 0.437658435723287 4.267048540633131 5.740066189579469 4.414523488311397 4.7458838237666185 1.37920498124197 2.6138221194617266 5.812129823486578 5.16569611874317 4.009998677871249 6.131429463077963 4.534360946656751 5.675894527946612 1.4397284033664957 7.536036289745066 4.623973160188675 3.8116560949727973 1.5301379582879617 7.210354642012183 8.34656284974296
    C19 6.159644349109941 7.754186539273991 4.852051695045504 3.0461979531430528 8.456191197637853 2.7941409215169037 5.789399195428063 6.357972148127819 5.9264247983804985 6.1120274661580805 1.748012913470016 0.2728784341028578 7.015412323633106 7.170194396634378 6.238938188787362 5.065909622244799 6.481422624755818 3.314855586429734 1.4123700048478272 7.637829897323133 6.522917066243933 5.90835567739838 0.8545950379970237 6.680709523732322 7.923966095245683
    C20 5.2479957164220465 3.888504215556821 1.244051946036511 6.861078284296045 4.92939009813566 1.7697305392643172 5.23432506695523 4.393165118970489 2.62143908986637 3.0067156530798633 2.2069345487673915 4.136283615793846 4.107974047641568 3.3419280810635303 2.4105453706813984 6.020430412198975 2.6846930935676285 7.146834840762813 2.5069024397473654 6.418831990186313 2.763368246729632 4.100340926871805 3.1194759014432876 6.577446018874879 7.560251705246354
    C21 7.598143025938041 4.687180785490695 3.4388449319517984 6.7369621352826945 4.453462296939287 3.696890343390107 7.534694365815032 2.2209026580799476 2.034870359528772 2.006325703249398 2.729428704417331 4.559877944666077 2.739236811832027 3.9201070690755073 3.9370313830547214 4.024496666610314 3.2516246837381546 7.04633050898183 3.032063299244421 4.074218145176566 3.173226112475712 6.493531335078542 3.9345131855649687 4.228024871547155 5.170094491946199
    C22 3.435972067002843 5.3823116064446825 2.2283250245821864 6.272439271248356 6.895076455485766 0.6890723683277576 3.291494314288344 6.423178139513403 4.728130911441754 5.127509048313273 2.4679416536067498 3.509890830417718 6.230737754332298 5.042420698340207 3.6677154026306633 7.196078156696631 4.500539946389441 6.50907829687862 2.5323620358160346 8.344256247211439 4.629652067080642 2.717749096764849 2.4677281176071917 8.181464371186495 9.280640466015749
    C23 3.8790816638605485 4.551940050863766 1.3911196952780567 6.759604873390268 6.049241417680877 0.9524224936878832 3.8411970195453153 5.784684585741462 3.935413578179287 4.353530810246006 2.491565047811028 3.9566525542843785 5.4606628756855455 4.193360087908155 2.848547028803697 7.006814044496426 3.6493853104814504 7.015765654897353 2.6614717910961168 7.782531562978266 3.779980216139581 2.853599020649132 2.8734912237461145 7.799070480186064 8.84139740011896
    C24 4.6378607832434495 5.6077307805885335 2.5621461470337947 5.37117747915326 6.703689118003688 0.566501767382563 4.437418620481588 5.583750533061092 4.303094433600438 4.6245514871082 1.2227901765818014 2.568317312141118 5.683722547755028 5.112943984627378 3.9972111998128925 5.966885373946138 4.47108527443376 5.63460399809813 1.3055695551638933 7.369232384169163 4.554472183476649 3.9558971881162974 1.485490119221729 7.038524307024457 8.174755096707818
;

