set P := P0 P1 P2 P3 P4 P5 P6 P7 P8 P9 P10 P11 P12 P13 P14 P15 P16 P17 P18 P19 P20 P21 P22 P23 P24 ;
set C := C0 C1 C2 C3 C4 C5 C6 C7 C8 C9 C10 C11 C12 C13 C14 C15 C16 C17 C18 C19 C20 C21 C22 C23 C24 ;

param: f c :=
    P0 800.5627646751884 58.26473299714586
    P1 1751.542724196686 277.0711774048407
    P2 2366.0377277092102 533.831740825003
    P3 2973.346764686874 719.9157300807058
    P4 2418.5530502755696 514.9073469144071
    P5 1022.5544329627559 81.97384760589333
    P6 2939.6098565991124 730.2938265058782
    P7 2958.9701708179446 772.0973939037146
    P8 2148.4901589660362 400.93033061786093
    P9 2485.294013780881 592.2989509535032
    P10 1817.1683048550033 257.67802936464574
    P11 3001.0663856711894 786.3152643198958
    P12 1960.8040279005859 318.3107471129207
    P13 2765.613127833931 691.8796788585679
    P14 2238.542490447466 427.40421599213107
    P15 1789.555313856226 311.62556131864255
    P16 2536.6619291892757 579.6684626027326
    P17 1872.7900346344823 342.9682443647374
    P18 1085.0611172133279 97.07432822043191
    P19 2392.249316120957 541.9394356276991
    P20 1884.48692211614 313.90025199912515
    P21 2676.2924674531178 589.4068317291201
    P22 1871.770293803362 304.46830760397984
    P23 2501.292041241705 586.386749848708
    P24 2853.2196575151966 640.0226503985335
;

param d :
 demand_0 demand_1 demand_2 demand_3 demand_4 demand_5 demand_6 demand_7 demand_8 demand_9 :=
    C0 22.88940190255164 19.649220229659647 32.06500482045794 20.807206371788435 14.109367986058771 11.565732963115725 31.277644373592512 16.779779670969212 25.270422840044226 25.439613410636003
    C1 27.016468123295947 12.42531287802046 22.872306216736476 12.959279993994683 13.647798612255563 19.195333033711037 18.106784469494734 17.088263780641384 30.567670871639734 30.779416633730975
    C2 7.827277001383636 8.281579921806568 8.382832021252238 25.371990877876815 28.993551945997787 15.638967137499563 9.15829625574605 5.178585379453258 14.026766261809943 23.514755544780908
    C3 20.09720457519198 29.567793164564108 25.57352472528269 31.63984708440207 5.4677719892244445 29.351272660158635 18.257039940536032 29.224430791213106 14.326724868821062 17.970610964204305
    C4 26.014136811074245 22.01800190211376 26.846466281965444 16.730786768156552 6.22859281688749 24.111339461708255 14.39781386490505 31.247326176913443 34.67475889694643 24.085914944482862
    C5 19.302749873494523 34.71239305078802 5.6218183371201995 17.51882857351001 13.490518963069603 17.676898628275154 33.04639444168581 18.80662258845524 5.193524019185492 10.54423558898706
    C6 14.159725647992774 30.060770935182497 34.359123127978805 34.81831124639075 22.79214854317213 34.00720445159737 26.377955158999335 6.630387027112935 19.548654323145133 29.556503015294332
    C7 32.200032998905165 20.758075528550105 30.68796572541943 14.279698921122998 6.595798467479596 7.944160899452934 19.051366229547675 6.640782640168405 25.633240908540756 24.723960885557954
    C8 12.1585845582707 10.019142125917778 24.781007392872958 6.232999320220238 14.174645022695564 12.837827336831566 17.830075129841095 29.896828678140082 8.441265910970134 10.123264754902197
    C9 14.45337497028168 9.397488782239678 9.248993774621425 20.602331988923765 17.909684855995067 14.060679658585517 17.615169948662874 24.496398219551647 5.0010713531871325 27.24994160971686
    C10 7.083639018232849 7.817302964626056 19.93496694361523 15.298233293184243 24.80759944784121 14.322074019901894 17.307758732427057 15.004503636287081 23.11371986863741 21.400430768806718
    C11 10.62033236000433 14.138068140423137 12.33103414868955 23.371022892660182 5.019251342840948 21.917228349108157 5.83018815053067 7.92197186245176 8.631032523473177 19.284751969680144
    C12 31.996076655808757 27.085593864845634 27.230372882442044 18.003788693696162 12.543003887918319 25.367696332022337 21.767273104136166 13.717307723785206 7.905909101785587 13.701085661973586
    C13 9.2550096576459 18.57849057555091 34.19871764571678 18.650830216704847 15.506547066283693 14.674397067214603 33.724752612435005 19.44403701065322 11.12880962422647 25.026065878574478
    C14 5.382044836736778 27.04445012303763 15.782597856143306 34.044591067550826 13.497966107412417 22.345022515768488 17.627558653450528 14.939227893422721 19.21227209821113 33.77274243282463
    C15 19.238020724338863 34.69379355290124 27.330953573273266 28.77021536536466 30.770316310672438 25.499635510368723 27.675693662595506 6.825943094814422 29.981793576286247 19.78892409071462
    C16 15.02162449527387 12.720185368524906 10.815263372804354 13.65225600679008 24.95977996852792 10.985199939464131 23.45625651780861 27.21418818487618 18.314476249526564 25.03098978292525
    C17 10.32545156204049 19.59479941134233 33.644432211915756 34.084096701816065 28.06656134741361 9.070722553799815 14.071699556700604 25.232389981483117 6.6695948524872435 16.735676613260978
    C18 12.914965647740107 15.928679956216534 24.162012586280326 19.96781056983017 9.6511104599428 21.62851308275532 12.27936966277415 27.180902671132543 8.654342435283306 25.929581105676707
    C19 7.30931203903074 5.406831613425048 33.96359181566325 25.565800997718668 7.58010395911271 14.031867974623163 20.36620386833947 6.590607993656246 17.136720080014953 8.220075174561966
    C20 25.376088267623054 15.57879134292916 31.314321076920265 18.98952417394289 13.120066853458637 7.567937813103378 8.818245817919763 11.151933487414723 34.48088799060373 17.50689405504471
    C21 30.592690037876487 26.30471453079705 25.36404577156523 9.506832552668339 34.87742768221791 21.99995270232528 21.298086546341867 9.324557012777605 29.608128719388212 17.744988683201342
    C22 22.820154656203904 31.741172489039087 31.976641471473226 34.00014406959305 10.901822395336058 23.849564819295935 21.967238011465646 27.21272356076802 30.25162410312778 5.839119765927393
    C23 34.086245925835556 28.23578886626743 18.478080403953417 23.713854005517256 22.55674509367194 21.374920275071002 13.8002956033206 19.859139577240363 21.401577426553857 18.712468397645612
    C24 22.494765743838208 30.70868481661254 33.7491837612002 24.929609633074737 7.421538149744723 16.27897831404337 27.660055200407058 11.706307506945505 29.650593760481488 21.926272524020685
;

param t : P0 P1 P2 P3 P4 P5 P6 P7 P8 P9 P10 P11 P12 P13 P14 P15 P16 P17 P18 P19 P20 P21 P22 P23 P24 :=
    C0 7.478670440906523 1.8855422677640785 5.125110837281266 10.28886422250485 4.4460122113171465 4.890240829760743 8.097842721525282 7.152601719687784 8.698874066274008 9.246111347070244 1.8754928638108928 6.795472123792646 4.571965052322894 4.5312179693448185 3.804733481059435 1.2825127270163712 9.90571900530947 9.492092310218954 10.44618581754333 5.906552094881655 4.972845348447214 6.696491144600309 6.323129548567312 5.567656315384228 7.239596829569015
    C1 4.1416762790633594 3.4362989446000447 8.701693545376813 8.686423603907016 3.064869499317349 8.684355486114251 8.81956885832928 8.200488179838242 5.825629598065283 7.616563222677103 4.496661444295839 5.561905283232386 5.914421397370148 4.436059612457023 5.958731855459853 6.3232825296827455 8.286200649936879 9.417106202192937 9.52621378396598 7.677815783373822 2.5092593820566895 9.220734530728938 1.6876609433547305 8.464666870985113 6.307737848951351
    C2 2.03137114799097 7.563695471686522 7.988020082888211 2.7616310704854925 3.9414106824575637 8.247069826869492 4.765539992057687 4.816342811868266 0.9235720510735534 1.759138541920341 6.421735441587711 1.7332907049046704 4.737318154283708 3.8036079117801753 5.589434432679647 8.600715856235597 2.3751502845954358 4.355184420839128 3.8152969809921213 5.444177101950887 3.808325677782547 7.023873593427846 4.566790182314334 7.058015533525811 1.930279423323951
    C3 4.4721722094019425 3.866047849414082 4.270539355409693 6.463043825876498 1.8363436851959034 4.364405575758419 4.67063287014759 3.8449339332150116 5.250959010262671 5.4359376390339955 1.9596162506116435 3.026752477136819 1.2593850113350535 0.8429160847676552 1.396650499123313 3.9916195767126297 6.0846446709773865 5.8234654033820945 6.637723850835404 3.0408543049029406 2.6461196772039823 4.539460105436929 4.687473133373664 3.8315493526435143 3.4120604774867362
    C4 8.291598558143187 3.157598301241118 4.286715100437449 10.597914497573404 5.2370889958837115 3.9876469477002443 7.937581781400425 6.968422661548233 9.358407915241578 9.606763539272663 2.4467492887714317 7.228839199767379 4.61536031882646 5.003777532596539 3.7280752134430486 0.22906658293748192 10.23430099398578 9.464115145549561 10.586347473692959 5.620339338973727 5.869820125442226 6.101888139439139 7.409572788597928 4.938368805116303 7.564407974316108
    C5 6.686877498103231 5.5446574842255 1.8238094952198298 7.1511390657352525 4.393072090586451 2.0399539350693496 3.823676105101356 2.8571419248023116 7.027725228433102 6.3497038918007185 3.2671236371587007 4.483094597488646 1.5888356068776655 3.152869821611448 1.2221744599123592 3.965979802782314 6.854089177220045 5.4576297851835465 6.798954709626863 1.4612345633898607 5.196711758075652 2.2062830957606003 7.245222665243448 1.2850598444603591 4.4361835416148745
    C6 4.383240973514395 8.090379730687088 6.304581652206207 2.384044207264088 4.751844875921078 6.643059032199242 2.1956177858040746 2.4996171078969427 3.5207078628165145 1.7245904634268574 6.308358765241959 1.9906110185339538 3.7461524701651805 3.8087168186211278 4.661904332004642 8.124526417389532 2.107669728294363 1.9015728334826187 2.2823659866258197 3.564092720827974 5.064598141732769 4.863254028088255 6.53712332283665 5.223034879610204 1.2417958557351252
    C7 3.5800617806031134 8.802879227215366 8.1321163609475 1.2191847995537284 5.200840539785779 8.446899025039817 4.081572160088403 4.439556082435141 2.1375718894730635 0.2801168115349603 7.386793329326756 2.4612136931634376 5.2222107521509775 4.7245835427816125 6.13923460883984 9.435382305919951 0.8219129425922411 3.1861264735507753 2.311075356551099 5.419362921088307 5.21158698387306 6.796823358264804 6.120714012149417 7.087388792584283 2.115376605491051
    C8 7.3112674350248525 3.424410973739842 3.186604732599108 9.22399285724792 4.327584263579029 2.978821635603746 6.480232691872048 5.5116566055558325 8.212747985308852 8.261182268253526 1.6722363548944914 5.94611187538038 3.1941071776987733 3.8035961829480627 2.2883595156886365 1.2299246629939666 8.87041150903903 8.008908023667635 9.15674134886994 4.172411465158314 5.060360021874008 4.778581376616021 6.845411985645532 3.6341297696577324 6.217359800270787
    C9 5.880832684578257 2.1693502007582306 4.480172466642314 8.500643792455868 2.826375928710298 4.380549830111279 6.5068615268416155 5.597004068404385 6.98744802642119 7.456775233175276 0.11339737620598814 5.008298149711554 2.930584607442401 2.7436181782938824 2.3230461307612944 2.2408877879693785 8.116741532783376 7.80488912626082 8.687095445568033 4.480385989337998 3.4795215374340573 5.581781236091794 5.162469142891505 4.565722984659703 5.45256401792349
    C10 4.478813221389962 9.45626857905302 8.168174973539578 0.5290677888845283 5.901474862817225 8.510067373848987 3.7386225654423155 4.277595128282972 3.0305692540744533 0.6957337525948242 7.897509305334006 3.0595582899722364 5.522862097543866 5.267695847458329 6.4468437082017775 9.849269443988355 0.28396098246854873 2.537201441160593 1.419224499140603 5.425942049811239 5.987975588885734 6.6419369923425196 6.999865678026461 7.077109471263037 2.5333891455649264
    C11 3.348866166360192 6.913959829953209 11.090229052705398 7.853746754029172 4.999827774293514 11.179446661656286 9.621865440641178 9.325104427427231 4.638928725784165 7.001837203988287 7.454187936826076 5.9684931290763 7.8023565410980265 6.191402315480252 8.216860441150043 9.558078796144734 7.52219228432779 9.58457140811427 9.068345452223678 9.322127708042085 4.189177859175316 11.006891454668997 2.275341123853652 10.550549410418578 6.6437928284360845
    C12 6.389745431345841 10.122310919635495 7.15094157427938 2.5576648809203784 6.905222568375383 7.542923436156723 2.267219006926844 3.173821873767151 5.209488730037992 2.8516690539690766 8.185169785766899 4.167991269580782 5.427512042880433 5.862595977521858 6.26909699981645 9.760989428239581 2.6304094024383233 0.5489286244867819 1.26602262413342 4.5694369935836345 7.243456181127139 5.252431682587064 8.679665292465504 6.012663801009236 3.4213599562380588
    C13 1.7491229218088988 5.6008703483372715 9.12532794514019 6.512722432805871 3.0758772621314407 9.229684718455871 7.73775555975662 7.381371242526552 3.3856042330056897 5.533085245903666 5.699913187023581 4.098900356379541 5.812475469362171 4.206460514078085 6.256774349205585 7.900418013122037 6.139093689874585 7.867257250516983 7.576623681861305 7.330792086848694 2.283791596738982 9.013932047284111 1.0089115550223415 8.561006591377136 4.813952972355942
    C14 5.473001019663609 9.397597636674512 6.988038884988025 1.9807199103512971 6.084125857991944 7.36098902947811 2.2375031627887774 2.971247087472422 4.323271971803895 2.0131975707694596 7.549275533365857 3.293050255121063 4.87259182838682 5.117109061641958 5.7577471252202255 9.254856629250076 1.934502002287507 0.8971096458807513 1.1437137686485455 4.292412385143177 6.381638353298458 5.252728484436258 7.772817324873424 5.858676417208293 2.557151773133774
    C15 3.847305768410874 3.5897603616239806 5.067154571865816 6.41767984026711 1.0352850363464055 5.14796878005855 5.155064298302019 4.406388714324638 4.816228763256894 5.346378900216164 2.1245523003703473 2.8773101177579092 1.9922360410889628 0.6981473014849392 2.195515093283937 4.349242668485001 6.022920593141582 6.133569187657992 6.762269998057215 3.7564427754482397 1.8472832836391186 5.309297413319314 3.8833030705284486 4.633481654065699 3.4121645465508927
    C16 6.481851079798356 0.2353057150725893 6.321768623262026 9.932256062425317 3.6525453544894573 6.157994947040805 8.413878409871641 7.534941158542327 7.894236332773241 8.845236684254761 2.117618349055626 6.384266406819412 4.852063323784772 4.235482886648394 4.322352619461327 2.9049637136264215 9.531583043961176 9.598406162859403 10.310747213666938 6.473724422162915 3.9521640908567637 7.576203899447961 4.92671713405622 6.5324124155903185 6.958410942328632
    C17 4.553631897993613 6.349785440877311 4.458086750047732 4.433615972460324 3.5006279843021435 4.751616673086932 2.2887209517071945 1.6824795089401103 4.4626048402296075 3.583637122895375 4.366971980299952 1.9461133661403358 1.669262383445428 2.213080381215273 2.5770628899123875 6.057041351834965 4.113604259502705 3.339718056503001 4.302407699243781 1.8683798664508169 4.0874494169937465 3.502349432423546 5.973196467503494 3.482673226412596 1.6984686355717848
    C18 6.09936801372743 7.611939445325342 3.990877094096211 4.770700096008587 5.105284761458085 4.369045559994822 1.0111885622248429 0.04099261424698267 5.735727464317946 4.236359478262758 5.444295439809432 3.412519051731056 2.6432046184762 3.7572183082053456 3.3069969960833885 6.700288713431352 4.561129332125833 2.6608303672936406 4.129967735084964 1.3652832563283477 5.729975183919649 2.3538698825580133 7.630225458438594 2.8593029199883557 2.9047308884923217
    C19 2.751917877013676 5.276062662365964 9.538001885569951 7.515606192496791 3.439673901564573 9.602494283443201 8.568743426397903 8.144071037433227 4.386681291249293 6.528424058563988 5.778265995799346 4.972592131812402 6.343399713738485 4.726739060036317 6.6688014059784875 7.871359307287204 7.140254898326374 8.79714861899899 8.564117531197578 7.962583800674087 2.632400516434599 9.623132097824204 0.6037775742825899 9.073493818967165 5.7070400907288565
    C20 8.753786420306568 5.618076325836956 1.473248342528395 9.628156295883914 6.015602352216003 1.092424956500597 6.112728805126992 5.186416951898591 9.33129808567292 8.819648769776954 3.7455586818774735 6.836048115154902 3.830112222269846 5.092364093687913 3.0210706500457856 2.8315875552551866 9.331150374857605 7.81072984169894 9.233719952996841 3.8043690378193826 6.812503485718542 3.5632943830227375 8.750424113666156 2.4656247120268846 6.872586546201443
    C21 4.269113043398315 2.317119980636262 7.337458218012119 8.358436635600897 2.1476602636412077 7.305432807095544 7.880687524797513 7.173273356706885 5.843231340225827 7.260250123449059 3.0955378750753537 4.964147671614036 4.720953354253659 3.388777686469779 4.6554581599420635 4.975394550304697 7.950886537107005 8.681351020145447 9.018439359213984 6.502176270322649 1.9465516555261289 7.976268436569328 2.4547459576641613 7.159431630991806 5.669851371539324
    C22 1.3777564451053088 5.653135924273435 8.886257644634977 6.1403304952401525 2.8985419126155376 9.004076037673695 7.3732926752249615 7.034845250385143 3.0365332618152263 5.153763572346105 5.596911239957585 3.728340678765894 5.543382115533063 3.951696883287571 6.027310849142524 7.825205815916645 5.764284157558518 7.484322826274246 7.1944379909166924 7.023384403523983 2.1381963390993577 8.710572319744104 1.278742362708436 8.2895866811803 4.438098162787793
    C23 3.7093002047864516 8.339035690188963 7.308529487179768 1.6320633198402426 4.8030452180917695 7.628299160696324 3.3012818842892093 3.6114333387046003 2.554806896475052 0.6659086978936832 6.781468181641585 1.9443011297513315 4.476180323161248 4.145872703890704 5.399100421383577 8.76050745033475 1.2541162238930204 2.6274924436362412 2.212011251316512 4.589090280641458 4.936429946015274 5.964514723265136 6.106231506528567 6.257030988568953 1.4211545463958375
    C24 7.990673079442569 5.825750324230732 0.7086849042178114 8.497773040737794 5.476198002607598 0.7062503201225694 4.918558769234716 3.995754177662354 8.409931935301616 7.72791754203869 3.6824203956327577 5.872833651586705 2.918642473016553 4.370431404294096 2.27108662112888 3.5071546225521386 8.213747215894722 6.618814094188686 8.057778219139768 2.6232616769845345 6.288300122888063 2.4666141308759095 8.303611552779698 1.3177175581869107 5.832457181093671
;

