set P := P0 P1 P2 P3 P4 P5 P6 P7 P8 P9 P10 P11 P12 P13 P14 P15 P16 P17 P18 P19 P20 P21 P22 P23 P24 ;
set C := C0 C1 C2 C3 C4 C5 C6 C7 C8 C9 C10 C11 C12 C13 C14 C15 C16 C17 C18 C19 C20 C21 C22 C23 C24 ;

param: f c :=
    P0 3094.7843829497388 210.9554747973546
    P1 1486.7488278443493 44.62084631350293
    P2 2301.522673113219 109.40383119631184
    P3 3217.632182101106 205.305705382459
    P4 1145.2539685652002 27.610798699856183
    P5 2722.2458856324365 158.4325850373726
    P6 1191.0417637557484 29.02323131042141
    P7 1376.4401353230687 36.93197863567856
    P8 2536.480273441098 137.41878425652226
    P9 3354.9924263217854 236.265771365386
    P10 1803.2778757983756 58.69103515445199
    P11 2682.844116495154 153.15085285102626
    P12 953.0492383797186 18.751752151918566
    P13 2890.8199257477663 203.38654384909537
    P14 3041.5016896935153 205.8517558308315
    P15 1991.1033269431855 86.2080642729305
    P16 2809.564971600579 174.59451450461927
    P17 3074.2213839172437 218.78806849502632
    P18 2704.098552547875 147.04068513572585
    P19 3175.2682865677352 227.4677192971686
    P20 2443.171293544663 131.17660115054636
    P21 3157.587458528435 226.62266134851762
    P22 2283.6933766960074 105.71394405279466
    P23 2990.114704299222 203.48625160930715
    P24 2786.4803727327317 165.66926433767202
;

param d :
 demand_0 demand_1 demand_2 demand_3 demand_4 demand_5 demand_6 demand_7 demand_8 demand_9 :=
    C0 8.9357956837779 13.737159616396108 10.077671380567955 14.655138729819361 13.826709699617993 7.011440394813635 7.324283777022165 14.700136276585031 28.668951671691023 32.64691859774169
    C1 27.215772094567484 7.79187185069612 30.944831432870014 26.266045156790987 32.65910652582933 34.30928401774222 9.572654091486992 31.878600262815223 25.561027553731158 23.203232423892874
    C2 13.099959834363391 34.00658989094139 19.69434386344467 20.43293346944613 25.30049479106984 14.355215289026042 26.919742349484892 6.5656756170783 21.73715253914046 6.005845736090416
    C3 7.547498884020837 21.829887765323647 12.49907175091403 30.759587304223697 20.674403083857776 10.630232810810423 13.399566004796009 20.351157890387114 18.062401187142456 13.248542541639669
    C4 7.216707282776309 19.500485573207506 9.239916966079562 34.78266076737701 23.453014617311602 25.821355155225362 12.88812851093555 18.190670630053965 15.445414672347695 19.362046062565
    C5 26.66338608491925 32.22997271333921 23.494654112622975 7.443029266870854 16.148954383390482 21.131944833381528 8.06966374666335 24.94526687376702 5.758866637827104 6.317521630765014
    C6 27.871579766118263 20.996117109043933 19.20543972925968 8.15131629087821 24.50662147237636 14.931053912948348 28.906534430902703 14.812680923020464 15.970615265229116 25.864972257077206
    C7 17.46140070710052 12.33842113220878 26.69097241155431 25.977666916885475 9.245527898564214 6.833233674982062 22.619511852747973 20.011253154279462 18.982276418226533 12.591138617882242
    C8 5.442253517207199 5.516375972290474 21.99917616559154 16.27058151229079 20.697537217667076 19.06082308168436 27.981630276802147 8.518894890123505 25.10117292687108 23.758112353956772
    C9 29.907545568428475 19.911046712299612 11.972892744600685 27.706601175730942 11.133855239185777 9.693590641045272 14.904805699509911 21.804354055206474 26.854745095389617 34.1342208323287
    C10 23.14615583098856 16.809355456707785 28.0222543686817 9.862793427692132 23.419994626640236 15.513583787458433 28.159360480323482 16.319286549222383 11.413398820975615 29.699771262055595
    C11 9.55542670836076 16.182130000598814 12.560715469388345 27.444462877842266 26.43424400044679 21.77468267455917 22.76509924339694 16.565895759965017 21.793820681339835 30.89555965021912
    C12 27.07620194290484 21.39744245586814 14.343648718411725 9.985909208066971 20.58139352601419 11.780885311579132 13.317125134168315 19.234340046716845 34.93700338615615 32.82724517676442
    C13 28.77860018412558 8.249128859997619 15.136054419202377 18.128037796113453 12.537180886889256 23.864652592121693 29.218987465783695 14.352854975756129 33.18221446670235 34.91694732179036
    C14 10.828522406102355 11.721825803342345 9.518359237129175 34.15748822249425 18.886404978621854 32.83638496532455 31.14009751734596 20.6595711373475 16.473722467021464 23.967202481883923
    C15 23.170747427486567 34.255717849334744 14.6432894518221 6.171858434118963 33.08607496250656 13.237418446880781 25.054907405949326 20.920565220311207 10.370168000428176 19.709014558889933
    C16 14.365691121989135 16.920458548785547 21.959370806529392 17.725466749485847 32.812387812159415 29.622632915864298 19.202205138498552 31.498568267832916 27.428854851895217 19.203452486530537
    C17 14.711801951785246 11.963466431294071 17.196028501859587 10.121662607676885 26.603907718402116 31.042794754989217 10.04298165500256 30.26573662770525 5.320172651671488 31.248104940551926
    C18 20.37066893506423 16.09464879560612 5.16715309056898 29.094608915877885 30.571885241830717 22.534051551518537 28.50094748254814 33.660803697880276 18.2624170245956 27.517590495702773
    C19 5.7029585470603354 21.894598031554022 25.71192015913669 19.615801306038808 9.060177392714813 14.172509618239431 34.672616768578465 33.36469798544866 20.780077843715684 29.22292056021555
    C20 13.221492199355133 24.284556950020004 27.65113790983174 27.469802992242954 20.731353621575554 23.735028080714233 7.740148066628077 30.0081480170198 5.168436151636035 6.145807810768601
    C21 11.080000795352284 14.973064246126542 28.840873723192562 21.41255149650887 29.88224047583425 17.098050773361607 29.10061484908842 26.340430336345133 14.31172095130046 5.865109103825795
    C22 12.928098656817312 29.29042360855203 21.367662064689874 16.98216974942204 5.294635590394144 12.64248152698106 9.394749658554792 30.196283110360035 7.823254520678688 31.827954064304482
    C23 24.681521261379384 34.27452282986817 14.390485277654665 13.902530696447926 17.489088292246855 21.230509797096104 9.944551618873474 21.81457596458051 16.066022794501578 9.595752516159319
    C24 19.142010594140153 7.861671051580924 24.56025873923436 18.064382075312203 9.510472298523807 24.78102710900935 31.238422691877233 19.7028051380291 12.61280980023593 27.08588507255338
;

param t : P0 P1 P2 P3 P4 P5 P6 P7 P8 P9 P10 P11 P12 P13 P14 P15 P16 P17 P18 P19 P20 P21 P22 P23 P24 :=
    C0 5.556191913492534 6.497285898757616 2.7839912266983866 2.122746117511714 6.9322720978388634 4.440915161261504 5.837741913881036 6.6611597223827115 2.9973792401656456 8.127129352373094 4.433063427306045 3.4511779068762567 2.6195611278383972 5.6819404912885165 3.86534602188997 7.3764659810485265 3.173980729349646 8.523369094385224 5.456004854824296 0.7825231194322447 4.029263688152805 2.2498341973325644 6.1836752062315545 3.092581809826483 6.506810717066346
    C1 4.668685350123191 5.600695194302462 2.4182379292061578 1.9906490667651537 6.733154365653698 3.538673985487986 4.967431440532492 6.237072698676579 3.6759847120353353 7.5552908632674125 3.992790044269504 2.562218593285539 2.324634304993606 5.515251697843025 4.2234496837027145 6.494151930567837 3.562197076701468 7.594286555490167 6.105275172290811 1.615200160024399 3.1478516211320464 1.55111481824706 5.264115239342873 2.568189149586049 5.890985491394702
    C2 3.3097939753695886 4.04257893422608 1.8589952090714135 6.003305060598068 3.1291231933251877 3.09430789300066 6.1815363991851395 2.150828624861286 4.981744125415031 3.5280904677820595 0.35464334873909426 2.8323527133877957 6.161753956077151 2.271803218325691 3.904758275086218 4.478111421920985 3.804945878675128 6.991337879107407 6.399541750190865 5.377900247414862 4.908561411874379 4.959789043218109 4.3353637407056365 6.010533483555349 2.009235839604773
    C3 4.000818473507149 4.828607533875334 1.1255166550305198 5.514514000013319 3.2332694195200027 3.517901448275427 6.483603183587157 2.7893370217550375 3.9686818896344214 4.418805242318938 0.686905237286942 2.968450403640395 5.758696373602424 2.0921092172429248 2.929310627118312 5.364187502158099 2.792696906950348 7.702017004166155 5.43883827426685 4.612885736188961 4.9999590488368835 4.6441119217075455 5.008447376193898 5.738078727314369 2.9982517179676926
    C4 5.495613114429871 6.38515638175532 3.5635422293747414 0.9486939449090122 7.860267884450286 4.342485148043611 5.089582990893115 7.390939556162887 4.144774104163368 8.68281099804107 5.14691313567873 3.442139233771896 1.4428257218123377 6.630633153946828 5.036008075910966 7.312639707468057 4.34689962359315 8.045077383260793 6.5995264201557475 1.2484012651385719 3.367760717786319 1.4018496943809322 5.94695133275679 1.9918325500860632 7.006801001188849
    C5 4.985829769053048 5.868602963500667 3.320742636681664 1.079495120505597 7.6471028804150425 3.832563709768448 4.618119713014273 7.076946918191787 4.362486428573154 8.295908169138336 4.844344694850841 2.9517158810277904 1.3920260377801317 6.437976239533693 5.091759077729351 6.799022071211729 4.415186138579974 7.529884125461491 6.8198308063455135 1.6713904222715623 2.8685080412848207 0.9326388501055694 5.423723010774692 1.7328788929774772 6.608828826261856
    C6 5.175640247441775 5.912466424036625 2.3652931253564033 6.709708409448191 2.0616559499581526 4.843484705563567 7.860250309926582 2.372364584302022 4.053882552263922 4.282140605615895 1.5720325422446049 4.359443514785389 7.010244956149996 0.808106047939281 2.557657652989187 6.30541154010826 2.7680604839375 8.863428697155904 4.867010554124283 5.526162220455396 6.398006903550142 5.957364090184559 6.200423281010581 7.058807259085115 3.3077338462234
    C7 3.364211960246177 4.290777454252048 2.1609585801472884 2.7149243217693586 6.350670062090369 2.2279065482089146 3.9871325117320677 5.542481898773329 4.60440918952134 6.620309341592083 3.383880043616287 1.2653657939040976 2.7856939723210616 5.226764973635465 4.730796574600106 5.190766560134121 4.155924603782616 6.349518895098141 6.9186220685347255 2.9254969419370407 2.2060007955034986 1.5618760627928 3.957442134559288 2.624038116388613 4.923755213211705
    C8 3.468724880327465 3.9860370478293494 4.812605886853311 3.3300056278573074 8.634917344950491 2.6809427439778304 1.4576053721512026 7.459739444236639 7.228799251318449 7.9706166815613635 5.63012771728409 2.682257361561247 2.889160653182154 7.651501883934006 7.483251571151116 4.897427216736033 6.898717823972813 4.630188537469733 9.61505377671571 4.83797520034467 0.605406756160732 2.2367918106153013 3.2814304921905313 2.1025583612811127 6.356569399076775
    C9 8.197393481398198 9.090005503912554 4.284589651017184 6.768652981282344 5.17274256522875 7.448295159704244 9.919309736256679 6.148904603457614 1.7754732003691558 8.079517109488666 4.9509936967476005 6.5895030264509735 7.290013477640507 4.2386051336309505 1.4148854901564831 9.69068554556543 1.8009520860948216 11.8267481612483 1.0982709966432271 4.830581493870869 8.141766548186165 6.778024521855919 9.149263106876022 7.7398979754067785 7.08566422857252
    C10 0.5899565178766275 0.6701808760911959 4.477575772905441 5.939844607976027 6.732134654786002 1.478701796677979 3.065562912383895 5.161803934265023 7.8492636642259015 5.04699027375056 4.195295944392192 2.4787577494830755 5.715666329955437 6.130062405111819 7.3518282881261765 1.6185354574761885 6.999044990259132 3.120001951777969 9.831808664362923 6.6175933192517356 2.9986305915529234 4.570960730839609 0.43606555762128907 5.094931786629093 3.691527644115884
    C11 2.416074649176971 1.5177983875916037 6.116858335876836 8.11627335570653 7.112456158146708 3.5608398039461497 4.755042796455906 5.372327539085923 9.574587608593617 4.451268781366852 5.3107303299052555 4.522049097620827 7.89101508099689 6.881627236520246 8.79835598026278 0.5902494137100668 8.570574376869342 2.908067878058707 11.31109247042251 8.698713346320316 5.1291280133682005 6.74673456693534 2.118661995329042 7.255203685984549 3.7836404262305177
    C12 2.3347706891667155 2.479903404690366 5.218933728728105 5.0405241514649655 8.32886726894868 2.194320925924592 1.1179433673441685 6.89193881101621 8.21090678796309 6.973062466246356 5.501251580866574 2.851713788028177 4.658016845674188 7.546194073934387 8.108177610357155 3.2884652335377766 7.622060008546841 2.8882253941923093 10.452388786998393 6.269576220138086 1.822199266577913 3.7858238891231237 1.7142946661215943 3.9003841775117203 5.529998120970943
    C13 2.6428144865761616 3.539413408808417 2.5947932048617406 3.187885783777104 6.49139477873081 1.4895849185604075 3.3023594309979556 5.477969341615391 5.376786020312254 6.331638035180537 3.473976128133457 0.6908075016339459 3.116559902270985 5.454526828469875 5.367529912398032 4.460957187260462 4.835411923666928 5.530663723974804 7.641753523777877 3.7073686514644466 1.6321082748919755 1.85903915557773 3.1589634237252655 2.7404086594653094 4.637979733287296
    C14 7.108691966620645 8.049273600191105 3.213565513319599 4.936211822422397 5.699506232437031 6.202141287803268 8.365962813188645 6.177580198673269 0.245432869257884 8.017428800950942 4.413643289381292 5.255994444962511 5.466098532434092 4.524490461092999 1.5585639219749248 8.769047992371718 1.0836305386522078 10.582274916387671 2.6073122976991 2.9923399690129884 6.553898711935997 5.033612029542143 7.9769084790371805 5.94944201381856 6.718122868052019
    C15 4.34469108194654 4.788665649288408 3.5707296071557613 7.821661819134734 1.9149317735633307 4.533308252410178 7.603476100027564 0.3359436288505987 6.184219883779307 2.0752250942857158 1.9282815390702914 4.517306817930415 7.979504001728409 1.8974887047281996 4.762849043805889 4.877406050834507 4.90864725254376 7.741966740788073 7.047822047755612 7.098921044839179 6.547731940917485 6.769618256202756 5.306951771574381 7.806960272444848 1.4247137961746899
    C16 5.252314392212619 5.985871572947426 2.436992419247871 6.7738090683260275 2.013195237268357 4.923895090559605 7.941083768615387 2.3850115863163586 4.059918823159206 4.301608688167109 1.6498314884899636 4.439981314735649 7.077764846340113 0.7566384552270384 2.544274670153501 6.373326171319457 2.774642002814881 8.93870306028852 4.831395751567308 5.5749467179270376 6.477768441653881 6.029276512360412 6.27726706264936 7.13097005554401 3.3544438964346686
    C17 2.4966822530767634 3.452277630301372 1.7905195131483387 3.8268861896776696 5.528909417270837 1.4894472564023122 4.088222964031948 4.546803964567056 4.948009149683007 5.521645174277248 2.511464719004002 0.5795928716188651 3.8672560124551247 4.5013069985391 4.680359224637724 4.2909820123297555 4.220054123749245 5.870076676322964 7.065791529907505 3.8690939736670775 2.5509322687617724 2.6145253311562926 3.276393085990539 3.607179261851186 3.8227677727160247
    C18 4.957455554695901 5.839292516451287 3.315007818830008 1.0884560284316869 7.642073795877843 3.804230234283987 4.587171956304275 7.0650033524883336 4.3833999985598275 8.278406687404699 4.8336601157920525 2.9257646523152534 1.388007199863326 6.434508433946834 5.103850704212585 6.770105286295714 4.4282250114216115 7.497953217393926 6.840361249481489 1.7018880071017963 2.8367562821889027 0.9026775208675826 5.3931859921534855 1.7146049402498817 6.590609868257391
    C19 5.925995340266659 6.592827739342288 3.3199846932841357 7.639180523724939 1.3133326335954534 5.700340088084218 8.75334773761643 2.3184520221462974 4.564421420693465 4.230090723303441 2.392277894019127 5.278308871934127 7.953189276765821 0.41245095885596006 2.9190027295753103 6.886592112773277 3.311710488792628 9.570494370787882 4.900725050402693 6.371320552859037 7.332131054562742 6.9122194021714245 6.949773429059692 8.01406124024145 3.626229058729074
    C20 2.843378527212343 2.5026626614341643 6.332302748215253 6.332118176256855 9.009553355262955 3.1786051526173766 1.8250481328739805 7.4408136881542575 9.456757904653681 7.1779893122917935 6.370698320947724 4.00710442916948 5.922515321162037 8.36268659110995 9.244829706307751 2.9936152958332496 8.797888504886773 1.5911912506970791 11.642485604574501 7.592610029070005 3.130565346186712 5.102334403697119 1.8679612326293045 5.142236766114857 5.944739612888111
    C21 0.8957069419588637 0.662074653241293 4.771726701839929 6.077940220705446 7.017377087225823 1.724972622056804 2.9367760764611086 5.430746411228007 8.129359635850967 5.243899126392257 4.501386094317298 2.723664669065509 5.828242494719041 6.430301549820739 7.651941272495801 1.5545518985001014 7.292931460920253 2.8135429649982306 10.128474919786703 6.830222548974589 3.0539242532876933 4.713925755844305 0.1430964905776682 5.180487205153343 3.93861407825806
    C22 4.137904419957054 5.077145955977111 2.032404565334899 2.3899136213914525 6.358862095530079 3.020532374864441 4.69624650356245 5.767658906762754 3.8714944534675815 7.032312955491802 3.532916651642532 2.0315185046602973 2.629450131044128 5.166290742958859 4.193063254996078 5.9605048507392215 3.5684526158526655 7.166704978091895 6.244480164426694 2.1519760727915522 2.8799636855288213 1.6217946742310596 4.770670705736418 2.715175271208947 5.359139579931797
    C23 2.922200413372294 3.872178674072379 1.7677251593136842 3.3600928753018353 5.789908987489303 1.8472143857367458 4.123481294933195 4.914833929707792 4.6621807235157515 5.972471255619515 2.7923716492694917 0.8497484541774379 3.4308945866309033 4.704779446263067 4.55299372817181 4.734919080854504 4.040074854796896 6.160747167859046 6.866088462107337 3.3943162713941133 2.4551964151332517 2.1951554976687606 3.63478996553037 3.230683438006844 4.276395208084749
    C24 1.9758212145944674 1.0208934491634662 5.874473144627786 7.484157856509768 7.377118402535902 3.052959737683895 3.9522223275534407 5.669315480715721 9.307692014583713 4.985248366385927 5.279134395942677 4.047344964276036 7.225562967745958 7.011710301937794 8.663664718280389 0.6320814829246891 8.376792596763188 2.338818452816595 11.170972792685623 8.201555781173159 4.417388630711184 6.12102460902666 1.4152506993242462 6.56061057067746 4.076785799969907
;

