set P := P0 P1 P2 P3 P4 P5 P6 P7 P8 P9 P10 P11 P12 P13 P14 P15 P16 P17 P18 P19 P20 P21 P22 P23 P24 ;
set C := C0 C1 C2 C3 C4 C5 C6 C7 C8 C9 C10 C11 C12 C13 C14 C15 C16 C17 C18 C19 C20 C21 C22 C23 C24 ;

param: f c :=
    P0 1797.3025394568494 67.77997563376303
    P1 2747.6031490024384 158.66366979937163
    P2 3998.451482842512 308.74220789188655
    P3 1070.6221694188243 22.06499416070113
    P4 1158.084346407246 29.696770493738917
    P5 3269.7869917697394 223.06171269643312
    P6 3529.2356662574475 280.11881422944555
    P7 3899.228724783564 318.6603650529889
    P8 3544.3622963619746 278.65069117840136
    P9 1428.9491380353531 41.10968407178535
    P10 2640.089358910439 145.12688329273794
    P11 2102.856336783412 98.00877440726094
    P12 3190.259287131343 234.79297325910952
    P13 1759.075085786356 56.29459228171746
    P14 3411.4671959383495 252.9789585031053
    P15 3276.405180615045 214.12680191369833
    P16 3073.8347048037385 180.25124352000105
    P17 1275.2510293128173 27.11603784230601
    P18 2716.0168859946107 164.24226916079334
    P19 3325.537354722663 237.80952526581197
    P20 2169.6532049059183 107.88892137630818
    P21 2437.550660867756 139.51902097830413
    P22 3540.4084340471113 266.69472737271457
    P23 3575.9681888012456 250.62845477440905
    P24 2459.063136735968 129.01198029390594
;

param d :
 demand_0 demand_1 demand_2 demand_3 demand_4 demand_5 demand_6 demand_7 demand_8 demand_9 :=
    C0 7.479214149628623 28.564841712751885 10.361845409849215 16.183859863494494 28.96862299341661 13.634939356482914 34.54605814730937 9.773525543557398 20.97997117710105 24.623481345774092
    C1 25.58196859046906 34.42203523756529 15.70656085395669 9.402513416712019 16.227091604471802 26.361008124645682 16.07574365378158 28.325740393485734 15.021645448267808 21.56172078356194
    C2 8.042152894109918 20.951348861964966 5.525569792114976 34.305299980299964 19.1875520084521 29.80924929543826 13.754691276890975 27.03382133965861 18.92064459387748 30.903148172728322
    C3 30.873994396136748 16.50415469787589 14.738976500410589 24.13443449418466 27.821571365478245 22.637424935571428 14.460142579264755 17.03349528090738 10.168120045219013 30.509270410211403
    C4 29.10650770520768 25.24156728685106 24.07948099872807 31.461106635881077 18.10836902442278 24.043179883486946 25.235041111867154 17.25548558354928 32.21842656247088 9.841378209986289
    C5 5.366734674770482 9.511616604094966 22.873367170620696 16.457389856718244 27.406093781187373 14.862560452846719 5.886937042154482 27.538427610193025 16.500602717732896 16.071929646222316
    C6 14.570773347185442 15.113470691785487 15.71733446387298 34.40799461127797 28.34926922300014 16.67118537625735 23.745880928248962 17.54539986710077 24.593127239815868 31.239505910720375
    C7 22.24046629078025 33.025312283835866 6.098370521799144 7.36294597486542 13.30561433022389 32.89618087358559 10.00202915614809 22.977456140267787 34.22742174974149 10.25632980588873
    C8 16.519708563305134 22.70459054213089 27.160409181463994 32.82321653591269 25.14318921694357 5.377016740206789 15.54879134108702 14.582104929648263 17.308814120786252 33.11422661977839
    C9 18.640761974063956 10.928391482285322 12.458801532216441 27.478009976890526 23.138677045405796 15.217879336992532 17.94592374907277 15.895240447731835 24.0925062512698 32.641570538234404
    C10 19.58418152939168 29.385053280261182 7.521405786645085 17.675897270606363 32.292392294390595 15.390989442757224 34.8747752081469 8.169163315944648 23.566279014392034 14.681726053204398
    C11 33.797631562544765 26.82886299614724 7.837177245182085 5.671504255517648 25.34624746849667 18.331491906593435 5.702250320774704 31.54273599837211 9.15716125287996 13.789457469764235
    C12 17.05110171939218 18.6496808606881 26.803622129107485 33.51076641979077 13.180382103856887 18.858426553239518 34.200712058817075 33.807182006490805 23.597608842706958 31.833369738807473
    C13 28.140789804125863 6.456307947210185 23.98760069015256 12.70574012136324 17.21548375646837 27.277134693929845 21.69318461657733 27.852593951570793 34.96729651402812 11.210218126535915
    C14 14.0886353906202 13.451418662036458 17.933016395431014 24.58686301321199 5.561568464797117 11.319121837371668 19.7227063006938 14.533252902844099 22.98704510269717 18.83538763058027
    C15 12.759471478029713 8.646543368972102 13.240887003850847 31.487760859567658 17.429745195183035 25.93176093027295 12.041556919057145 21.06881146114507 26.9644398410861 12.351409126148615
    C16 24.02351538448596 19.68864235138536 34.15558326051329 30.105599517899744 8.89300829353228 25.189578545852285 32.63528843319253 16.76520099306834 33.364670579768784 23.097469607812133
    C17 23.109081418914737 16.013123627768493 25.66975883034791 18.003058500251186 13.011598392376577 12.670777902663845 8.950921679682024 30.771697626404308 14.75060931067448 34.691399836961246
    C18 29.072551855790064 31.674978047459174 12.323021125519677 8.49276292182016 22.972383526770372 5.967995299555024 23.213652286414597 19.84499642778073 12.498222626699253 28.90260670562339
    C19 18.50809823767727 25.59162915556798 29.76714228918712 10.74930911605696 34.27692867104486 30.56875033035426 30.490045724100025 18.917418260786704 22.07918441865484 34.18415862204273
    C20 16.18475946359415 12.569804137729673 30.047537073254507 12.829272447880747 14.54478184070014 34.031708258079405 7.909394665602525 29.784153086964114 19.15740631916293 20.006448173831238
    C21 19.206418554192066 15.123852344228984 26.980633323003122 14.096042576934725 11.639710565989786 23.94152190235373 11.549161421799322 18.483677765049293 7.728993211354184 8.334718898762828
    C22 15.051905254461257 13.884333618022591 20.706762426138283 20.42118717860228 5.542187700199 21.839772086951253 34.763927186421924 32.717316718401435 16.108877365898977 23.120203876020486
    C23 21.05072497690549 29.575080280795024 18.75258707418464 30.627309484867034 14.738265027342226 15.35897577176064 22.122350474301495 10.328798830521334 27.288961246909775 14.937777043600109
    C24 15.945853615925937 21.282454937823605 7.296084313077137 12.312572083083642 6.911673756998688 11.22653605371957 10.358673154911388 13.652234301716991 31.50537441444692 32.604674453037674
;

param t : P0 P1 P2 P3 P4 P5 P6 P7 P8 P9 P10 P11 P12 P13 P14 P15 P16 P17 P18 P19 P20 P21 P22 P23 P24 :=
    C0 1.5344060210191903 2.6103693205291005 4.656612903811305 3.968858497305481 5.6968828436656915 3.7755183045338194 3.7842086988607977 5.044205393201927 3.1296869291130136 5.08178257143361 1.6752215482114077 3.77364155296295 2.448361803772584 2.517409744995474 3.6842090670530188 4.49254922653575 4.769845866594361 4.528895568496717 2.373135283928092 2.482371767253781 2.5531064625269444 6.5263417472083605 5.252215857676148 3.1162092339506087 3.937681006892773
    C1 1.1512523174227038 3.912548442021306 5.484260843327734 5.0129610008523295 4.469440876157765 4.756122563449415 4.803007136538001 6.254618274907465 2.9648156771196 3.302464370027771 3.452411916275161 2.334438818466605 4.073338802981117 0.887273265291562 4.42009876773275 6.0480920418510165 3.3557338433695176 3.1046741192554803 0.5974838773542201 2.206587520485324 1.5052576289630781 5.311289509637946 5.2402339052730245 3.9212806551620565 4.046154991235397
    C2 5.3583559983742415 4.698926592839434 4.232501954429446 4.536576626133689 1.7209662587375976 8.708857882838403 8.728757594516392 5.708070852769307 2.0087013225559733 4.759704807001253 5.979720492543233 2.4958523169222815 5.624819711243538 4.730840401263224 3.581563876366029 6.67121128318071 2.2056414542200606 6.474471605379762 4.0808013387569915 2.4978950974198386 5.653024381243105 2.1812525571113595 2.099886834844556 7.964546460232803 2.123479763820987
    C3 1.3594406783351518 4.78097343631675 6.328166054018448 5.8784673442085325 4.588748855516952 4.905612192870864 4.969992185779702 7.1250392055668375 3.6753327293437295 2.6702002828849594 4.186812013438442 2.4281486265143877 4.901429583246212 0.04533868462463457 5.261938012975533 6.898051300612424 3.377879673254082 2.2439833466420707 0.6220931237091045 2.9424517531357006 1.00911014698501 5.409235133889709 5.912748769045564 4.0325679413741256 4.782024940343423
    C4 3.749206722261595 3.986914160376961 4.364674702552854 4.338460442113037 2.211302531943213 7.1889384323728205 7.217123243545069 5.640635767930707 1.3477777374391935 3.6507122974935595 4.796028804599028 1.210221322041595 4.728853019428859 3.1195685540307188 3.4245718361397888 6.1874935498318795 1.654141947192149 4.985824129715623 2.4632878563630283 1.2790848117821891 4.030152776898287 3.012932128154986 3.0521070567641195 6.413186190269861 2.266662451046339
    C5 7.465205758838746 3.355012472683907 2.1687660042531736 2.2079392504523163 8.087360925865369 8.499953764113071 8.43695253861291 0.9281327166816179 5.126922849450306 9.910126667934133 5.0153176198568605 7.6007099283800015 3.7845731309435786 8.068187808689434 3.049293939277557 2.2220923530685783 8.077066792593117 10.27906190374731 7.588768752144165 5.516921627163337 8.432253539423934 8.557642295505596 4.558605242092304 8.304636624698267 4.345179138515149
    C6 6.000545587913397 2.160406588501566 2.7644388316088024 2.062352498908514 8.05040670014079 6.494624376602979 6.42446926115571 1.5734398615010081 4.774012454176361 9.077369228221766 3.182607003060119 7.017922442854463 2.0398914474408487 6.855692584336222 2.9644785747200224 0.17895189705418843 7.717970344608579 8.980265990752358 6.499759152373374 4.875248205765707 7.02090543919101 8.67985690435719 5.174184651449867 6.382082545078451 4.416962726171926
    C7 1.697239201972896 3.3091789076837044 4.75356965908012 4.319574187012728 4.139016998110744 5.101319656839436 5.133718038637466 5.585461849866492 2.234404566919294 3.671850274208024 3.1998717328332105 2.145517937366635 3.6142106363514537 1.5993593771179064 3.6874403622414844 5.509361722720226 3.1504029866760734 3.8177394242446065 1.0838220779657304 1.4716006230315326 2.2461105568867086 4.979080995413391 4.515526119375382 4.3155723273248565 3.3020785131241266
    C8 6.463858197746096 2.697165292486334 3.1747519887671762 2.5429180193412777 8.582277831228257 6.732145857972281 6.655521532874539 1.8267595229672615 5.311901382359924 9.607634965204342 3.567427198297279 7.559468522676832 2.4910680506227743 7.35617549982476 3.4691701288200627 0.4531293475714664 8.259583221842467 9.461460766536332 7.015555339357411 5.417346695119845 7.4893571519788456 9.203665087424053 5.632965621940899 6.682333589496961 4.927455423062207
    C9 4.457817741067781 7.287096511077909 8.195593201646838 8.029002666541645 3.6849814432514805 7.833218400883993 7.911981594917381 9.345228018645557 5.152632028076493 0.4365039363628095 7.17238544942802 2.679165008613016 7.679304354976203 3.1289732000844417 7.191893610760868 9.529981831989256 2.682088652228216 2.8043911724915143 3.129556545547186 4.710533582008082 3.7650613964269524 4.205716491724896 6.824155642154985 6.954865850475004 6.150801456313317
    C10 4.81615778061148 2.83662072885631 4.743174742349044 3.8543998932994263 8.63757134026034 4.1545955850653185 4.069715707642749 3.992164601579311 5.434734038220763 8.588903978523202 1.8348702504471253 7.045800893878113 1.820724929346923 5.99815695747284 4.404011796679001 2.396060486071067 7.955335114365222 7.81550379163353 5.878061929530704 5.165000518113354 5.81755238599154 9.39802500246328 6.706774722234688 4.232864955058698 5.594150069972999
    C11 7.3355537447842645 3.3304997571550645 2.979562491930979 2.6483831313926642 8.781440379882323 7.8459295206432165 7.771533642138478 1.4589265647803762 5.627616792462923 10.204315858093683 4.573506655510924 8.018440397911764 3.410102951872054 8.11710292039815 3.6028361634064607 1.4410518117803832 8.61554545781904 10.279092342255574 7.7137098635185675 5.8750838963372045 8.345836168962455 9.326990660017366 5.482362506720318 7.764243566621575 5.03045588683607
    C12 6.572161966403093 5.62035919846931 4.709320787445773 5.198598928449645 2.0702394169711567 9.909132446674372 9.926691524498459 6.229437593346815 3.102905204292857 5.634502399740341 7.073415646518129 3.57173721741031 6.602788426761376 5.908792431551931 4.291108709290988 7.411991909101725 3.0333959733197053 7.549837914674838 5.2670415814822675 3.674893675254691 6.843142495917455 2.038532718101601 2.2382370081746243 9.173066219268977 2.8774675526218063
    C13 6.8776158754573 2.9052955368019546 1.0251486670267425 1.4827512265321465 6.886258485246914 8.439995979442525 8.391746555138885 1.0075861713294854 4.070485303680215 8.929808052522315 4.8425312256183295 6.557899866163104 3.6425671698667585 7.305534709056803 2.054716198411143 2.7424546872313944 6.953740626243114 9.527017649535715 6.77022357790448 4.5577858332784364 7.783678320177222 7.32782199112746 3.3040634614914115 8.118660144225236 3.1847332079316955
    C14 2.5514032567559912 6.6619812771227025 8.517145798839067 7.944980739275732 6.761806023906218 4.2989942487882935 4.401283395142355 9.093111428128292 6.074043266793923 3.715532559284369 5.425333658165333 4.6994558171667675 6.4656742753834875 2.3933564563993586 7.467878064611657 8.512922534564662 5.513471902475597 1.3504245770295458 3.0557766027682125 5.322646533711886 1.6409760771313042 7.52998796711795 8.333441260260436 3.5081045550133605 7.165626219336065
    C15 7.924629114631287 3.8514305780311324 3.0553736645388025 2.9373227241486943 8.963835347483398 8.568602197126419 8.495587179782657 1.627609334797001 5.920416584865298 10.6208851858951 5.2465462923205415 8.366236039973193 4.055542465247395 8.640136352592195 3.8484588069274484 2.1555996760283405 8.896287196834322 10.826437379308476 8.2033198281537 6.246276137484241 8.922106567080565 9.457155789615378 5.485900258058363 8.46842022651435 5.207948504157628
    C16 2.9714323422843107 3.8341987629887466 6.1136581672946155 5.254643015207199 8.092072247314317 1.807925024940995 1.7590456799908851 5.912160817666221 5.4199850159310925 6.992997304250958 1.808277323744839 6.106484809814278 2.992556182596778 4.301573956415509 5.369024313185989 4.6675241802144125 7.121528895094937 5.677018013865418 4.445059720915301 4.842967543185904 3.7978639483253698 8.924692275850827 7.347835564746802 1.679490793413549 6.050809545668747
    C17 4.5693765712104915 2.6606129939595915 2.374473270795444 2.493049341127857 3.6491821992602613 7.385993734241487 7.383189073250527 3.7375843065873204 0.7887933330426782 5.621233641855615 4.21242894000814 3.2004581390377607 3.6441457589610975 4.483981887098409 1.5340251917804768 4.585850776576935 3.565313175244758 6.615531628915734 3.8498358730259747 1.5109295647809708 5.215054313046165 4.243483602480779 1.6131810753351805 6.76006475261236 0.3332640928356812
    C18 5.030244094087761 8.712173267242973 10.022095649568104 9.70115840085333 6.052137230572666 7.6309086007590246 7.730721977962439 10.988605152848121 7.062735596720834 2.392291740714136 8.070285988068967 4.754884297545618 8.85832284677115 3.9554621809185004 8.96989267883391 10.856902292853796 4.994594524139267 2.1160254141477073 4.332190453658699 6.475672866581295 4.040842169705069 6.5681267334205 8.979260510445501 6.814989419866654 8.141155702010124
    C19 4.569103004566443 5.698771686075598 7.948373153045541 7.063233848185621 9.992466736121536 1.214046205813446 1.105796258143756 7.531834775496693 7.415162661553784 8.478781069628882 3.6941938191217543 7.9368270040369 4.751845769281331 5.865890431982642 7.285804879324145 6.050208775360507 8.96062748189295 6.7294098607710655 6.149315603786047 6.8239902169170765 5.148329704241168 10.83192561200984 9.329941916560802 2.012561208646027 8.039680669366868
    C20 3.9283347077660604 7.287232076123658 8.484165814120878 8.201556562139805 4.620322163068821 7.041945099118068 7.129038888376645 9.501753081233321 5.500940772146176 0.9297769281436928 6.860394876923245 3.1824454691333184 7.530003790401901 2.6820007990309644 7.440031120419212 9.480346080118743 3.4909715910769847 1.7309862569088905 2.9185314661555433 4.93658221852931 3.068744171371029 5.219837773182227 7.405940652542413 6.17522003147905 6.572005796767301
    C21 2.8865766827993595 6.697173525540871 8.210885075777293 7.7918548828601955 5.377270286100069 5.699862357552533 5.7910998064605215 9.044685155761739 5.414636772367993 2.0541308116610204 5.93339251834171 3.507268934406242 6.762552565189116 1.9056650195884186 7.144796514950791 8.784290860973382 4.145596690467987 0.48857654774914183 2.4136174638590124 4.733551811341521 1.8986684349223943 6.088699833072214 7.54628711052502 4.844942928200363 6.527613948546833
    C22 3.4044083100452416 7.497424648040754 9.253674697766511 8.731107682527636 6.891686822600574 5.197275307041201 5.30303492466019 9.916254659856158 6.649904545319968 3.4954091972624695 6.357928221317961 4.967965424210102 7.364359461295549 2.9473608766583204 8.192850358491121 9.414399458221506 5.655576587728502 1.033818979793296 3.580274255625902 5.922092278670466 2.411089745630359 7.606441702174065 8.862026082573662 4.437162870717156 7.75962198243057
    C23 5.060898721979701 1.4690327287014946 2.8887629393623113 2.023513532777162 7.539249875437909 5.623145219054408 5.559229807142151 2.148716279819179 4.235441682951081 8.268587350705651 2.2282265177285114 6.316675225137409 1.0891167734309497 5.961901222440661 2.728771622692027 0.9609753103335243 7.086699726196376 8.05768415411659 5.64159263134873 4.21075422480421 6.085602603163877 8.222611181643597 5.046621711277774 5.461640191458601 4.0905157423545395
    C24 0.30261840890765695 3.8302466556095687 5.714715457549531 5.111913335738887 5.447211095227956 3.768558525563834 3.8146842779816312 6.257780129979048 3.600001793783691 4.06160126206761 2.867428832801698 3.322251353015619 3.7318899020110807 1.375886305215116 4.683284690901139 5.776083143358161 4.344127511591784 3.24835965877888 1.507168030639551 2.845114723922385 1.2715653764202597 6.2900401854476415 5.8689521187681954 2.939796163214403 4.6014237069533
;

