set P := P0 P1 P2 P3 P4 P5 P6 P7 P8 P9 P10 P11 P12 P13 P14 P15 P16 P17 P18 P19 P20 P21 P22 P23 P24 ;
set C := C0 C1 C2 C3 C4 C5 C6 C7 C8 C9 C10 C11 C12 C13 C14 C15 C16 C17 C18 C19 C20 C21 C22 C23 C24 ;

param: f c :=
    P0 1563.268494210896 49.873029474407105
    P1 1923.567484173895 84.88507572924065
    P2 2257.327199628663 105.99650923731855
    P3 1230.8934326865165 34.731251787442076
    P4 2767.5773926834217 163.96756344516103
    P5 2183.7812743426653 99.85223736221
    P6 2120.982228806096 89.98966447468798
    P7 1816.696243746133 72.25862658514475
    P8 2316.9789898696313 116.69586219689333
    P9 1773.3944615283997 74.90459995925892
    P10 3475.2061652513944 241.0903890927527
    P11 3907.0317465403227 310.1122611359986
    P12 3206.539252834042 220.91945065030842
    P13 3023.1390524873004 198.53640233525456
    P14 3032.0256734906284 194.8591815720406
    P15 3826.3843198196355 293.5908898277695
    P16 3960.354105319486 318.7011707064796
    P17 2500.1910728599337 153.8203939952256
    P18 1122.1992226572731 24.398143441220203
    P19 3343.8968137860966 233.4460668769761
    P20 3712.6161157514857 293.3212521615186
    P21 1739.0186082171542 69.54281870296221
    P22 2762.106379678513 149.23610101965411
    P23 3690.5463724241968 316.4135444665426
    P24 3318.5712582622964 218.09668840371054
;

param d :
 demand_0 demand_1 demand_2 demand_3 demand_4 demand_5 demand_6 demand_7 demand_8 demand_9 :=
    C0 10.421209344681603 8.013760244123738 25.008516736821104 15.85467739721786 13.563673801507722 8.316806937185731 26.129113151312417 17.88454747114188 17.08953017327279 34.92455006563564
    C1 8.628703717330385 13.533513029525302 22.886082458176936 9.858615878070257 12.490923194284987 21.648242039844053 18.903660048045587 12.612819633522811 17.766906343437846 6.973364721983501
    C2 26.65012062309325 28.695109983918055 8.846099923376489 11.924203833385198 8.740840483500092 28.074706223273928 10.86457256414661 5.89052137834472 14.318038589897963 28.533730768886336
    C3 18.39473012149038 25.491251512195994 25.836817529080555 19.84571269406321 23.484116054293533 28.917771603971854 6.2735187430501345 8.614891222400484 14.90995242301471 6.268907768023391
    C4 26.689980777264893 23.760451791766968 19.896741842514345 6.809268928993902 32.23941525185769 20.425490689867022 18.588893883302756 5.164000392056116 22.679425781577834 23.31675207812694
    C5 24.851530211250406 9.21833647532664 5.512656146965098 22.972004179527932 17.1662001214748 6.16191175741392 12.395090100292059 10.968943908756685 27.65288145865751 20.05508095873098
    C6 32.76591960992408 15.11466872539606 7.915041795863932 6.845556820135093 19.89161094228065 5.79936239259617 18.858384947319607 25.13152311823966 28.853101830887688 29.234958199332446
    C7 27.79855968899361 5.262264738178897 34.066565212697014 26.5652295324685 32.4261966575114 32.34403656497964 11.875670104951997 31.165042991266734 6.517326633691351 13.928865860384118
    C8 32.972072343976905 24.947704522305564 8.559509994509593 33.91982058108752 24.19516051966107 28.775897639819846 7.391227327758514 11.010968448287848 22.655428607535438 29.90392862214148
    C9 10.938539935383865 34.45951524405947 13.263858077844178 17.93665671934162 16.05698296946044 21.615300527926742 6.433951589389998 17.07739557845543 24.996095851218392 29.65134989401083
    C10 23.689220416569654 9.503842352998984 17.71586364548702 30.858928693267554 31.791275990047954 8.011315714417197 31.10687515610277 29.677563416182856 8.729702587558936 32.877830843458156
    C11 26.890428039600526 13.601388866210787 15.770482171258696 5.671411770360425 14.247779836410224 16.959150197245922 15.833633982383294 32.58368639768818 12.569498726133421 16.850006308404918
    C12 6.110690748753893 8.864222321759513 14.799168230512587 11.846037461605876 6.946471565415262 27.903327333154444 20.920824025695214 18.18428708358912 5.589435715009867 23.183273269799628
    C13 22.156515313486285 30.199741458126496 16.00071826294856 8.7944832876349 18.284368050870945 7.699420635920211 13.266433736391319 12.626633980497129 24.653095810717534 34.69093676496098
    C14 17.943456555966346 22.742036400807027 14.208354747870294 13.441963538016497 25.31205410772122 9.856230711297378 14.00709708023694 18.12424627459865 22.566938005973093 24.166447868275803
    C15 15.119395526141354 26.018770824418908 32.72060136429971 24.502828108925915 34.9411861631346 20.488397414078584 29.030799359221113 16.80872211682994 21.316339619816695 24.440807416689093
    C16 21.084453764574764 16.00181586918989 11.360378305541449 32.03360001155131 16.159093965227214 21.331178995921242 10.24941879083347 29.695792231465923 33.24429807484924 10.959913461636248
    C17 24.810116554536897 34.03029010071799 5.81126457289396 15.271709707253091 17.755103225299415 20.50555775257088 26.12194229585385 7.368002389349131 7.038341124478153 22.70951467134446
    C18 18.660297539225184 26.64722615044466 33.24537979251497 12.831855629290889 10.174475151100042 29.37008501442441 5.743704367599548 22.554415627734635 26.447082883772428 25.55467138892664
    C19 31.30617544020946 30.18938186563006 31.64306895642997 30.92165518371726 12.382926103014025 25.105834163630877 21.953936390972753 20.738477462652583 27.7186169549675 29.409959110895453
    C20 29.337776594191453 6.980527224495546 28.355631863214946 29.83302918342959 19.387144932503716 18.4328362585758 10.451775867253593 29.920791120429787 30.737609499880836 16.46663746304519
    C21 28.299462688191095 27.263361603613923 5.769366429935206 25.533460817873788 8.19275076766144 9.443964271116414 20.950750751660287 25.98431762764222 23.932237259247465 21.696260441073793
    C22 8.10888703531737 24.654691666640954 34.70299999755303 24.261229486967057 30.103106158246355 5.914461583293806 20.84366977431613 19.250101749371126 13.086687752791237 13.778480537695158
    C23 27.930802282318698 29.16086471021937 32.905556869614585 11.655107222765906 12.532986580225648 26.593778381090225 15.660005535219572 5.962538881059186 5.090806703652508 17.326616326289418
    C24 13.461349571377895 11.438544999586044 17.673793686132022 26.30995166296981 18.025546149030035 34.226035030793916 17.77725175844306 34.39468449339368 12.47871570312448 16.46012066799075
;

param t : P0 P1 P2 P3 P4 P5 P6 P7 P8 P9 P10 P11 P12 P13 P14 P15 P16 P17 P18 P19 P20 P21 P22 P23 P24 :=
    C0 3.8950274657183397 5.839925674897747 5.166640420762779 3.273917617793409 5.485689528751805 5.842460182635754 2.7463782674445847 2.6803014275865795 5.171481830063128 1.7282160570143101 2.7847226918035064 2.8849075539638145 5.887754512880639 0.7771247715817486 2.6651961869191787 5.788148590734644 5.775660940781662 4.9157010078128325 4.852585615243523 2.7876903973640843 0.6099637949997226 5.108200419710629 2.5851250192503583 5.6168113283169525 4.029093066783993
    C1 5.836344784722832 3.9094816117924354 3.4123935416896085 6.793485132057787 8.548781524795997 4.762765930987979 6.7142911509094505 5.280891026694188 1.7368239527528986 4.141833405741494 6.416742084318568 5.8523548863150925 3.20001157342338 3.66891122079544 5.602373880329818 9.45884092859658 3.5829668661071894 3.489861635987622 2.9050862154645496 6.175488009008112 3.560050693037653 1.7286556580965842 6.426708711903537 4.084643717583612 0.9651174959483084
    C2 4.863160039870872 9.122732853575604 8.095082222522205 3.2647479645262623 4.091570959973029 8.805167399913005 1.4504648383994132 3.9051943924435806 8.8286033455096 4.576073644764177 2.2903287067698037 4.107948818406007 9.377474329030642 4.318041300851759 4.116941646339151 4.0387371525602225 9.145905344059607 8.173882298660846 8.272460909724938 2.7679126925845523 4.298767910118254 8.588431280234044 1.888158354145978 8.794607209063763 7.708772746331705
    C3 5.283398902767209 5.573190847256476 6.571986473194792 1.8885062228920533 6.401176239397786 5.269254887354836 3.2017627155340134 4.029562238267126 5.559594996512033 1.0442554973449254 3.619127075172262 1.3791007231567252 5.893071156471926 1.4090898318681442 1.172870045710741 4.529329445210909 5.613781369170771 4.625602059913959 4.767528226625527 3.7964842177548523 1.7489574703733801 6.227743760220635 3.2484165078659926 5.23869727334575 4.564176508514435
    C4 4.522194360716284 9.599607472885758 8.01327611404813 3.953014114048502 3.4351184906357535 9.344124058145805 1.3706624884469043 3.70198743976478 9.153799966296901 5.06231958377514 2.0379003033431213 4.7466882257615115 9.794148988842085 4.672185231480958 4.7369883241818345 4.6832752194973954 9.600044799635452 8.651144611051247 8.708041472523453 2.5009905734388465 4.590046375598748 8.674795419026534 1.755164057205615 9.293390263232146 8.007449415679368
    C5 7.450059884488958 1.5714842553435844 5.923168548371665 5.796569348563035 9.724852641428036 2.201866174507934 7.131197073318943 6.545564898003141 1.6355052308883267 3.341175441568902 7.153468583316061 4.655524076618308 1.5169276662141602 3.6431473641833994 4.454406600892092 8.318291733786634 1.404940627120733 0.9213071053795943 0.4744775541271515 7.076028876642194 3.8459668824271445 4.2800024745219325 6.984120105162825 1.5806957814839226 1.6088434475531275
    C6 1.839603550926405 9.823682139607723 5.901872509728228 6.027793738308043 1.436062014014349 9.937463346634221 2.3661773502738837 1.8527771187228912 8.639417690482496 5.7889991557454445 1.5956501322207803 6.352402397295753 9.688657465367637 4.871263701466962 6.22617896739592 7.507366499743293 9.701317919871917 8.936388012787347 8.768817744350642 1.3601175132656043 4.536467311969194 7.156048160286041 2.0659303231651345 9.656609951495339 7.458072204528375
    C7 7.877918086563937 7.269072870315169 9.694373475918699 1.2919780594955235 8.03431742851706 6.484538509986155 4.788371231556235 6.64084812028978 8.08715009427212 3.756375634918781 5.582520742560064 2.0422559759956265 7.943616455906262 4.526856355134804 2.2893742431178863 1.7427184881876623 7.462752488929629 6.435809622574709 6.838470789940704 5.955096192116307 4.874537556409891 9.287760425322643 5.094732010954354 6.805878583692595 7.3009595422249
    C8 5.067413449783266 7.792148538056559 7.65341629744065 1.972847930969274 5.072869697768073 7.425966510273627 1.8041508585644537 3.9005432773242372 7.681129154980706 3.2654191603437797 2.625905774269453 2.712834764109564 8.109270941993765 3.2101991996216124 2.714977970468269 3.518630154224549 7.837683698828245 6.846004444224027 6.98800225345974 3.0336891890719677 3.301412326429962 7.826149686412679 2.134105167109204 7.445236617957578 6.611066840775596
    C9 0.2702087284312906 8.942420704083279 3.8597674994666575 6.772780258752413 3.2158529376755296 9.299698715517682 3.67625055771776 1.3877488045744866 7.344866987384626 5.64545428849189 2.805744261475414 6.731856670007162 8.598476865269095 4.541221321108091 6.541457649480776 8.768701091032424 8.745236351435528 8.14848638346118 7.840914491003471 2.329727891914108 4.107845649362475 5.344459572325226 3.245641543195879 8.877701836824563 6.220790903696779
    C10 7.488765183513192 8.194493302827006 9.782961409000787 1.597077337991062 7.254450302202141 7.494084949900175 4.171336671055269 6.30555557773884 8.7697565240702 4.255912756233568 5.028978912016839 2.719973176954433 8.787617839314814 4.790763702838406 2.9225737324271845 1.1626390966214726 8.354271334929871 7.3192494232774905 7.660462416330793 5.451423968305233 5.061144375486332 9.621686905558242 4.538532697941201 7.752294850256989 7.880079778447204
    C11 5.902010044586409 5.120874924633437 6.912280707853455 1.8232380436454525 7.065313045407616 4.720305503479869 3.845736695333576 4.656028362996473 5.366276952313527 0.849553697151087 4.284214444558284 0.9273321530453931 5.536116722846707 1.7221205491434843 0.6749758086265483 4.477205609727878 5.198631945539939 4.183619532524935 4.399792409825504 4.46108452170828 2.1382640292246604 6.376757449709722 3.908315050034638 4.753157172854666 4.463754623110267
    C12 4.4234485958881855 10.04884400696139 8.096648210608954 4.4953425228356 3.0073888977833114 9.826800699312027 1.6317523585441331 3.7373289533880167 9.514391839343684 5.527282603208868 2.101676649704969 5.277535359030251 10.208726002035053 5.069831347537671 5.261449243304614 5.143964342274879 10.036535568974356 9.101999664156592 9.135495704900983 2.5240721484125768 4.952559326499356 8.878430175324745 1.9370723581741587 9.755007883023657 8.35483177069113
    C13 0.6267922151970949 8.975846099388725 3.5906728094406426 7.064988243442656 3.4923786741958303 9.378062659841603 4.031762085488714 1.6941657779935269 7.297527557301874 5.834529228480814 3.165099608209498 6.9825659570073935 8.590237845286282 4.717436106511801 6.78550469584564 9.10226669358636 8.764499297662196 8.204688041584907 7.8711530800596785 2.6881754638543165 4.276625311528184 5.165282301213198 3.5992192801012863 8.931562562746736 6.195676319227431
    C14 3.4930503785302047 6.40062141202357 5.226720978562865 3.358989336905429 4.933136373861458 6.3993308013821 2.2204864937806663 2.245706323543751 5.672439899824707 2.225579216123086 2.2228974586009103 3.1602504770552557 6.433874860300892 1.3388804303333761 2.965174748003312 5.738941380329131 6.332869785951423 5.4773544487472385 5.407977706885141 2.2360977139153175 1.1205352107908455 5.380092866715024 2.0334383932751234 6.178595025809024 4.513790963988714
    C15 6.227919435709558 2.798330235022626 4.881953852951581 5.35786901058294 8.563340265375764 3.321904732345302 6.125951072116821 5.351095178647256 1.8655882696359432 2.714000606726456 6.063113447882086 4.309037427291377 2.5632881513180825 2.678391410920444 4.073129864414263 7.990760525304028 2.6070571210954165 2.0691144526552065 1.6953045285430477 5.9481763524211315 2.7901113798177724 3.483029271211878 5.93713540614234 2.7788386001827585 0.9707871897719161
    C16 1.745263288943106 8.97368169164358 5.502466695707565 5.304288037559797 2.271397606778441 9.07267736010471 1.7893332734063878 1.1851436645232125 7.855642878749702 4.926025850898916 0.9128608700228049 5.549562220694635 8.863465912081113 4.004880785730559 5.411683161415663 6.982566162368672 8.859027264148734 8.08066379752406 7.9260824546818185 0.5338948134256793 3.6746577227022836 6.563186217844898 1.4028954434974417 8.798980533734024 6.670114198585826
    C17 4.866460217540023 5.192835721593541 5.812000336055295 2.6818788136851075 6.339023353808264 5.05330633799383 3.34944395842372 3.6485874873733195 4.908889752993367 0.7835267622410527 3.57681326158652 2.0424891777416256 5.389227095404207 0.6196627889038226 1.801005029353808 5.3223089244624155 5.182785739063499 4.247316243609974 4.29215442268869 3.654995068329435 1.0026887313706474 5.434183407307702 3.2904158039512272 4.912910375037672 3.8603909346242506
    C18 6.735365340145467 5.759459073447647 8.051478855814791 0.940250775562004 7.500705207034399 5.143296769379738 4.173570645943166 5.4744924199493 6.348371707532393 1.984508209105769 4.791228171815815 0.26638831010286623 6.326224211754497 2.851794847206188 0.5093660907593696 3.424990063420163 5.90331788385516 4.868093099682554 5.198389579008934 5.060633514585727 3.243489027847013 7.530553817919023 4.349553664659691 5.333229870502122 5.527467138550721
    C19 6.895744621765959 2.849185494416473 4.525126265996623 6.920663463958945 9.513122316051124 3.818626246868069 7.412442822652081 6.238443109711337 0.5901734095626474 4.270181640113907 7.222357075728465 5.868735409914337 2.0577095004660304 4.09766382575673 5.634684777250387 9.553298319919433 2.494732972126921 2.598352689521326 1.956478979565448 7.032128812553902 4.110054499502136 2.6593939680265386 7.170394568955844 3.0947990621083967 0.6912769126889862
    C20 1.7760217047226035 9.993275627390325 5.876081603424504 6.282114542060496 1.317890153976787 10.128767476203661 2.6223178968805048 1.961875857201374 8.761443378559779 6.0052043891623486 1.8476668538072434 6.597110986536715 9.836718694421165 5.06949681084575 6.468113396156353 7.758345169904631 9.863384874744344 9.112889644695898 8.931733862951742 1.5919239368098201 4.7244074696955165 7.193888601630272 2.3206245212629533 9.835352638134879 7.583754019772319
    C21 2.4120706780223102 11.321166821971767 6.269521300596097 7.88540716545131 1.4002817343717588 11.548370265810764 4.204921762330163 3.235992289354537 9.878896693198298 7.530822470219489 3.4543353594490385 8.197693205278757 11.068483087251696 6.540370810687989 8.063657392501746 9.262130573931785 11.15858223523707 10.474609153938257 10.235774232812734 3.18148247080696 6.162778752313752 7.906528829911799 3.923567758232326 11.203466293527459 8.730701073545754
    C22 7.170141691451189 2.3105195633504403 6.435697584949795 4.498997294956671 9.124911494266028 2.2071566493479624 6.259884074868431 6.114483304265864 2.931837016739902 2.2381950785388907 6.424527410551787 3.3407515124120453 2.7327638445003712 2.871784455770015 3.1546721413429024 6.97859864307399 2.366345320977081 1.3627172088382218 1.6013707029627673 6.429117820467295 3.1976175941261076 5.102872325883869 6.180698495155065 2.001961022283184 2.4974211690610932
    C23 6.538242554534845 8.775378836023263 9.2794167652521 2.152618054960092 5.989623456872763 8.222079899661315 3.101830431313612 5.4366074392926125 8.99698815835004 4.44576452533502 3.985734126597417 3.291264956539055 9.237079136714284 4.664623755783343 3.415943273568284 2.1393270093252044 8.881012496699046 7.854423543867547 8.100386892187439 4.442160828319005 4.826684685886534 9.39922006891856 3.5130441032032174 8.373441259599543 7.993965231979528
    C24 3.1937690552397457 9.203891201376766 6.787389452435128 4.439074556166005 2.5860541839803663 9.112750624023892 0.7688049073077026 2.429122454446054 8.446417292642517 4.80370092350573 0.8018631942919673 4.958329180966885 9.259477966676501 4.141872183149387 4.879960033055418 5.732029287186716 9.150800541368335 8.26996143672681 8.229385036104963 1.2153201246661136 3.942530272512287 7.613126691633671 0.7923886112944312 8.955878551561153 7.268883531759386
;

